0 1
0 2
0 3
0 4
1 5
1 6
1 7
2 8
2 9
2 10
3 11
3 12
3 13
4 16
4 14
4 15
5 17
5 18
5 12
6 19
6 20
6 21
7 22
7 23
7 24
8 25
8 26
8 27
9 28
9 29
9 14
10 21
10 30
10 31
11 32
11 33
11 30
12 34
12 35
13 36
13 37
13 27
14 38
14 39
15 19
15 40
15 41
16 37
16 24
16 42
17 43
17 44
17 45
18 48
18 46
18 47
19 49
19 50
20 51
20 52
20 23
21 48
21 53
22 54
22 55
22 47
23 56
23 57
24 58
24 45
25 59
25 60
25 31
26 61
26 62
26 63
27 64
27 65
28 64
28 66
28 67
29 68
29 53
29 62
30 69
30 70
31 71
31 72
32 36
32 71
32 73
33 74
33 75
33 76
34 76
34 77
34 78
35 80
35 69
35 79
36 81
36 59
37 82
37 78
38 49
38 83
38 84
39 82
39 85
39 86
40 52
40 87
40 42
41 85
41 88
41 89
42 56
42 90
43 80
43 91
43 60
44 92
44 93
44 46
45 94
45 78
46 85
46 95
47 96
47 86
48 97
48 69
49 98
49 53
50 81
50 99
50 88
51 65
51 97
51 81
54 74
54 58
54 95
57 96
57 67
58 72
58 93
59 99
60 94
61 65
61 88
62 77
62 94
63 99
64 96
64 82
66 68
67 83
68 76
70 90
70 74
71 91
71 93
72 90
73 98
73 83
75 93
76 98
77 79
80 87
84 99
84 86
87 92
89 95
96 97
