0 1
0 2
0 3
0 4
1 5
1 6
1 7
2 8
2 9
2 10
3 11
3 12
3 13
4 16
4 14
4 15
5 17
5 18
5 19
6 20
6 21
6 22
7 23
7 24
7 25
8 23
8 26
8 27
9 21
9 28
9 29
10 32
10 30
10 31
11 33
11 34
11 35
12 36
12 37
12 24
13 38
13 39
13 40
14 33
14 41
14 29
15 36
15 42
15 43
16 44
16 45
16 46
17 48
17 49
17 47
18 50
18 51
18 52
19 53
19 54
19 55
20 53
20 56
20 57
21 52
21 58
22 59
22 60
22 61
23 62
23 63
24 64
24 54
25 65
25 66
25 67
26 68
26 69
26 70
27 66
27 71
27 72
28 73
28 74
28 59
29 75
29 76
30 77
30 78
30 63
31 80
31 81
31 79
32 82
32 68
32 76
33 83
33 84
34 85
34 86
34 87
35 88
35 89
35 90
36 91
36 92
37 93
37 94
37 95
38 64
38 96
38 89
39 97
39 98
39 99
40 100
40 84
40 101
41 102
41 86
41 103
42 104
42 105
42 106
43 107
43 108
43 93
44 109
44 110
44 111
45 112
45 104
45 75
46 113
46 114
46 91
47 115
47 116
47 117
48 118
48 119
48 120
49 121
49 122
49 123
50 124
50 125
50 126
51 128
51 121
51 127
52 129
52 120
53 130
53 131
54 132
54 122
55 133
55 134
55 135
56 136
56 137
56 138
57 135
57 139
57 140
58 141
58 126
58 142
59 138
59 143
60 144
60 145
60 131
61 146
61 147
61 148
62 149
62 150
62 151
63 152
63 153
64 154
64 155
65 132
65 149
65 156
66 157
66 158
67 160
67 161
67 159
68 162
68 163
69 164
69 165
69 158
70 166
70 167
70 168
71 163
71 169
71 170
72 171
72 172
72 159
73 173
73 142
73 174
74 176
74 148
74 175
75 177
75 178
76 179
76 174
77 180
77 181
77 150
78 182
78 183
78 184
79 152
79 185
79 186
80 187
80 188
80 189
81 179
81 183
81 190
82 192
82 168
82 191
83 193
83 194
83 195
84 196
84 197
85 198
85 199
85 200
86 201
86 202
87 203
87 204
87 205
88 208
88 206
88 207
89 209
89 205
90 210
90 136
90 201
91 211
91 212
92 213
92 214
92 215
93 216
93 217
94 218
94 219
94 220
95 213
95 155
95 221
96 222
96 206
96 223
97 224
97 225
97 197
98 226
98 227
98 154
99 228
99 229
99 230
100 193
100 231
100 232
101 227
101 233
101 234
102 198
102 235
102 236
103 177
103 194
103 237
104 238
104 239
105 240
105 241
105 242
106 243
106 165
106 217
107 244
107 245
107 219
108 246
108 247
108 239
109 212
109 248
109 249
110 250
110 251
110 252
111 178
111 253
111 254
112 256
112 241
112 255
113 257
113 258
113 214
114 259
114 260
114 254
115 261
115 262
115 250
116 263
116 264
116 265
117 266
117 267
117 268
118 269
118 270
118 271
119 272
119 273
119 268
120 274
120 264
121 275
121 276
122 277
122 266
123 278
123 279
123 280
124 275
124 281
124 282
125 283
125 284
125 285
126 286
126 287
127 288
127 289
127 286
128 290
128 291
128 278
129 292
129 293
129 269
130 294
130 295
130 296
131 297
131 298
132 299
132 300
133 277
133 294
133 301
134 304
134 302
134 303
135 305
135 306
136 305
136 307
137 308
137 309
137 310
138 311
138 312
139 312
139 313
139 314
140 315
140 316
140 303
141 285
141 317
141 318
142 293
142 319
143 320
143 321
143 310
144 322
144 323
144 295
145 324
145 325
145 326
146 327
146 328
146 297
147 329
147 330
147 331
148 324
148 332
149 333
149 334
150 288
150 335
151 336
151 337
151 338
152 339
152 340
153 341
153 342
153 334
154 343
154 344
155 345
155 299
156 336
156 346
156 347
157 348
157 349
157 350
158 352
158 351
159 353
159 354
160 355
160 300
160 349
161 356
161 357
161 358
162 359
162 360
162 361
163 362
163 363
164 364
164 348
164 365
165 366
165 367
166 368
166 369
166 370
167 371
167 372
167 351
168 373
168 366
169 374
169 375
169 360
170 354
170 376
170 377
171 378
171 363
171 379
172 356
172 380
172 381
173 279
173 266
173 318
174 277
174 299
175 331
175 301
175 382
176 304
176 320
176 277
177 343
177 299
178 345
178 383
179 347
179 300
180 384
180 385
180 338
181 386
181 387
181 388
182 289
182 335
182 287
183 386
183 389
184 390
184 391
184 392
185 341
185 393
185 394
186 395
186 396
186 397
187 229
187 398
187 399
188 400
188 395
188 347
189 401
189 402
189 339
190 403
190 391
190 346
191 369
191 355
191 404
192 357
192 361
192 300
193 405
193 406
194 407
194 408
195 409
195 410
195 411
196 408
196 412
196 413
197 414
197 415
198 416
198 417
199 418
199 419
199 420
200 421
200 422
200 423
201 424
201 425
202 310
202 426
202 427
203 428
203 429
203 430
204 432
204 417
204 431
205 433
205 421
206 306
206 307
207 434
207 435
207 436
208 437
208 438
208 424
209 439
209 440
209 428
210 310
210 441
210 442
211 443
211 444
211 445
212 446
212 447
213 448
213 445
214 449
214 450
215 451
215 452
215 453
216 454
216 455
216 348
217 456
217 457
218 455
218 345
218 458
219 459
219 460
220 461
220 462
220 463
221 464
221 451
221 383
222 465
222 343
222 440
223 466
223 435
223 467
224 468
224 469
224 470
225 471
225 472
225 412
226 473
226 474
226 475
227 476
227 477
228 469
228 344
228 478
229 480
229 479
230 481
230 482
230 415
231 483
231 484
231 411
232 485
232 486
232 477
233 449
233 405
233 487
234 488
234 489
234 474
235 467
235 343
235 426
236 465
236 420
236 490
237 344
237 409
237 475
238 491
238 492
238 493
239 494
239 495
240 496
240 497
240 498
241 373
241 367
242 499
242 500
242 457
243 501
243 502
243 348
244 503
244 504
244 495
245 505
245 506
245 463
246 507
246 508
246 492
247 460
247 509
247 510
248 512
248 513
248 511
249 514
249 515
249 443
250 516
250 517
251 513
251 518
251 383
252 519
252 520
252 446
253 464
253 521
253 522
254 523
254 524
255 497
255 458
255 525
256 345
256 461
256 493
257 452
257 526
257 527
258 528
258 529
258 524
259 530
259 531
259 521
260 450
260 406
260 487
261 532
261 533
261 534
262 535
262 536
262 537
263 535
263 538
263 539
264 533
264 540
265 541
265 542
265 543
266 536
267 544
267 545
267 546
268 547
268 548
269 549
269 550
270 548
270 551
270 552
271 553
271 554
271 555
272 549
272 556
272 557
273 546
273 558
273 559
274 560
274 561
274 543
275 562
275 563
276 564
276 565
276 566
278 567
278 568
279 564
279 569
280 570
280 571
280 572
281 573
281 574
281 575
282 576
282 577
282 565
283 578
283 563
283 579
284 580
284 581
284 582
285 583
285 575
286 584
286 585
287 586
287 587
288 568
288 588
289 589
289 590
290 592
290 584
290 591
291 593
291 594
291 572
292 595
292 596
292 555
293 561
293 597
294 598
294 599
295 600
295 557
296 601
296 602
296 603
297 604
297 605
298 598
298 606
298 607
301 608
301 601
302 609
302 610
302 611
303 612
303 613
304 614
304 615
305 616
305 617
306 615
306 618
307 619
307 620
308 621
308 622
308 623
309 624
309 625
309 616
311 626
311 627
311 628
312 629
312 630
313 627
313 631
313 632
314 613
314 633
314 634
315 629
315 635
315 636
316 611
316 637
316 638
317 582
317 569
317 639
318 570
318 587
319 545
319 596
319 536
320 610
320 628
321 640
321 614
321 621
322 641
322 642
322 603
323 643
323 644
323 645
324 643
324 646
325 550
325 600
325 556
326 647
326 648
326 649
327 650
327 651
327 652
328 653
328 654
328 606
329 656
329 358
329 655
330 657
330 658
330 605
331 659
331 650
332 608
332 660
332 648
333 661
333 662
333 663
334 664
334 665
335 666
335 667
336 567
336 588
337 668
337 669
337 670
338 672
338 671
339 673
339 674
340 675
340 676
340 664
341 677
341 678
342 661
342 679
342 680
344 681
346 682
346 670
347 663
349 683
349 684
350 685
350 686
350 687
351 688
351 689
352 690
352 691
352 684
353 692
353 693
353 694
354 695
354 696
355 697
355 687
356 698
356 699
357 694
357 700
358 701
358 702
359 700
359 542
359 703
360 704
360 705
361 706
361 702
362 706
362 707
362 708
363 709
363 710
364 711
364 712
364 686
365 713
365 714
365 715
366 713
366 716
367 717
367 718
368 688
368 611
368 635
369 720
369 719
370 721
370 722
370 636
371 691
371 723
371 724
372 720
372 725
372 726
373 727
373 697
374 535
374 541
374 703
375 696
375 728
375 729
376 692
376 730
376 731
377 705
377 678
377 732
378 699
378 733
378 734
379 736
379 708
379 735
380 737
380 738
380 709
381 739
381 701
381 382
382 656
382 599
383 740
384 741
384 742
384 743
385 744
385 745
385 668
386 741
386 746
387 747
387 748
387 671
388 749
388 750
388 751
389 752
389 682
389 750
390 753
390 754
390 666
391 570
391 586
392 755
392 756
392 757
393 758
393 759
393 680
394 760
394 761
394 762
395 762
395 763
396 704
396 677
396 732
397 764
397 765
397 766
398 768
398 674
398 767
399 769
399 642
399 663
400 770
400 662
400 764
401 641
401 675
401 602
402 642
402 771
402 772
403 773
403 757
403 567
404 774
404 683
404 636
405 775
405 776
406 777
406 778
407 681
407 553
407 779
408 780
408 781
409 777
409 782
410 699
410 783
410 735
411 784
411 785
412 786
412 787
413 548
413 788
413 779
414 789
414 790
414 780
415 791
415 792
416 793
416 794
416 795
417 796
417 797
418 800
418 798
418 799
419 801
419 802
419 462
420 742
420 668
421 803
421 799
422 804
422 805
422 668
423 806
423 682
423 669
424 807
424 808
425 809
425 810
425 811
426 809
426 812
427 614
427 813
427 814
428 816
428 815
429 817
429 818
429 797
430 819
430 820
430 821
431 822
431 823
431 793
432 786
432 824
432 815
433 806
433 825
433 746
434 807
434 826
434 827
435 828
435 829
436 832
436 830
436 831
437 833
437 834
437 828
438 835
438 836
438 811
439 820
439 837
439 838
440 743
440 825
441 839
441 840
441 814
442 841
442 842
442 620
443 843
443 844
444 762
444 845
444 846
445 848
445 847
446 849
446 850
447 848
447 851
447 852
448 740
448 759
448 846
449 853
449 854
450 855
450 856
451 854
451 857
452 858
452 859
453 650
453 860
453 654
454 861
454 862
454 687
455 864
455 863
456 864
456 865
456 866
457 867
457 868
458 727
458 687
459 869
459 870
459 871
460 872
460 873
461 870
461 874
462 579
462 875
463 578
463 582
464 860
464 653
465 838
465 794
466 832
466 812
466 876
467 614
467 618
468 816
468 787
468 824
469 595
469 554
470 877
470 878
470 879
471 545
471 547
471 788
472 880
472 881
472 595
473 882
473 883
473 782
474 853
474 857
475 736
475 783
476 736
476 884
476 885
477 707
477 886
478 887
478 553
478 879
479 888
479 792
479 889
480 681
480 890
480 891
481 890
481 892
481 893
482 789
482 894
482 895
483 896
483 897
483 699
484 886
484 698
484 702
485 898
485 899
485 885
486 784
486 900
486 901
487 902
487 903
488 775
488 904
488 905
489 882
489 906
489 907
490 801
490 743
490 506
491 874
491 908
491 895
492 909
492 910
493 579
493 911
494 912
494 562
494 911
495 913
495 914
496 832
496 867
496 826
497 915
497 916
498 917
498 918
498 827
499 915
499 919
499 920
500 865
500 921
500 922
501 923
501 924
501 717
502 925
502 862
502 926
503 928
503 582
503 927
504 912
504 564
504 639
505 929
505 913
505 930
506 931
506 875
507 890
507 908
507 894
508 932
508 933
508 872
509 934
509 843
509 909
510 871
510 935
510 936
511 937
511 938
511 939
512 934
512 844
512 910
513 758
513 679
514 679
514 940
514 941
515 662
515 763
515 845
516 850
516 942
516 943
517 944
517 819
517 740
518 945
518 759
518 937
519 851
519 837
519 821
520 946
520 947
520 819
521 778
521 782
522 948
522 949
522 857
523 950
523 951
523 653
524 952
524 607
525 953
525 827
525 863
526 659
526 599
526 952
527 650
527 954
527 955
528 858
528 956
528 957
529 950
529 958
529 959
530 960
530 961
530 948
531 962
531 963
531 856
532 964
532 921
532 942
533 740
533 847
534 965
534 966
534 967
535 968
536 850
537 772
537 969
537 748
538 769
538 771
538 970
539 962
539 772
539 750
540 848
540 967
540 971
541 972
541 973
542 974
542 975
543 976
543 970
544 977
544 805
544 811
545 978
546 804
546 742
547 979
547 980
548 981
549 833
549 829
550 834
550 806
551 979
551 982
551 983
552 984
552 985
552 907
553 981
554 986
554 987
555 985
555 988
556 743
556 746
557 742
557 989
558 939
558 829
558 990
559 977
559 810
559 812
560 992
560 975
560 991
561 848
561 849
562 993
562 732
563 994
563 995
564 993
565 771
565 996
566 997
566 998
566 999
567 826
568 808
568 827
569 999
569 1000
570 826
571 1001
571 923
571 718
572 730
572 1002
573 935
573 1003
573 1004
574 976
574 769
574 996
575 1005
575 1006
576 1008
576 998
576 1007
577 1009
577 1010
577 1006
578 704
578 764
579 732
580 994
580 1011
580 1012
581 609
581 1013
581 1014
583 1015
583 1000
583 1003
584 1016
584 862
585 1017
585 1018
585 924
586 832
586 868
587 1001
587 924
588 842
588 1019
589 868
589 809
589 876
590 864
590 808
590 953
591 947
591 1018
591 1020
592 705
592 1002
592 731
593 727
593 1016
593 861
594 881
594 1021
594 718
595 978
596 834
596 805
597 992
597 850
597 969
598 739
598 709
599 824
600 753
600 1022
601 804
601 989
602 1023
604 709
605 706
605 710
606 786
606 793
607 824
608 1023
609 903
610 878
611 778
612 787
612 877
615 961
615 925
616 717
617 960
617 949
617 925
618 756
618 711
619 755
619 773
619 711
620 713
621 856
622 727
622 718
623 861
624 949
625 854
625 855
626 966
626 878
627 887
628 903
630 853
630 902
631 965
631 942
633 786
633 779
634 787
635 857
635 782
636 853
637 639
639 1013
640 961
640 861
640 926
647 753
648 805
648 806
649 757
649 957
651 887
651 793
651 779
652 838
652 795
652 879
654 918
655 706
656 1008
657 997
657 1007
658 1008
659 816
659 879
660 804
661 928
661 920
663 792
664 791
664 780
665 792
666 814
667 842
669 721
673 780
674 681
674 781
677 916
677 919
678 912
678 920
683 938
684 902
685 839
685 906
685 813
686 775
689 903
689 778
690 938
691 945
692 928
692 912
693 927
694 974
694 991
695 991
696 968
696 969
697 840
697 906
698 937
698 910
700 927
702 934
707 934
708 871
708 843
712 813
714 979
714 883
714 984
715 776
715 777
716 883
716 840
716 907
719 939
719 844
720 1010
723 1009
723 998
724 889
725 843
725 846
726 977
726 844
726 990
730 901
733 945
733 871
733 846
734 869
734 937
734 874
735 830
744 774
747 823
754 892
755 940
756 813
760 960
761 980
761 982
763 983
764 927
765 866
765 863
766 916
766 877
767 835
767 889
770 928
770 865
771 904
773 841
773 1019
774 902
776 996
777 1004
783 1020
785 1002
794 1009
796 998
799 914
799 911
802 911
803 913
815 963
817 1005
818 997
818 1000
820 1010
820 1005
821 1012
822 963
823 948
825 913
825 931
831 1007
836 974
837 1009
839 973
876 896
880 986
882 1015
882 935
883 1004
884 1020
885 947
885 1017
891 946
891 956
892 946
892 950
893 944
893 947
899 1023
900 944
900 1017
901 1001
904 999
905 1015
905 936
905 909
909 1022
922 1023
923 986
929 965
933 966
936 989
941 987
953 955
954 972
957 1019
959 974
