0 16
0 1
0 17
0 2
0 18
0 3
0 19
0 4
0 20
0 5
0 21
0 6
0 22
0 7
0 23
0 8
0 24
0 9
0 10
0 11
0 12
0 13
0 14
0 15
1 32
1 16
1 33
1 17
1 2
1 34
1 18
1 3
1 35
1 4
1 36
1 5
1 37
1 38
1 25
1 26
1 27
1 28
1 29
1 30
1 14
1 31
1 15
2 16
2 48
2 17
2 49
2 18
2 50
2 3
2 51
2 4
2 52
2 5
2 39
2 40
2 41
2 42
2 43
2 44
2 45
2 14
2 46
2 15
2 47
3 64
3 16
3 65
3 17
3 66
3 18
3 4
3 5
3 53
3 54
3 55
3 56
3 57
3 58
3 59
3 60
3 61
3 62
3 14
3 63
3 15
4 16
4 80
4 17
4 18
4 67
4 68
4 5
4 69
4 70
4 71
4 72
4 73
4 74
4 75
4 76
4 77
4 14
4 78
4 15
4 79
5 16
5 17
5 81
5 18
5 82
5 83
5 84
5 85
5 86
5 87
5 88
5 89
5 90
5 91
5 92
5 93
5 94
5 14
5 15
6 96
6 97
6 81
6 98
6 67
6 99
6 100
6 101
6 53
6 102
6 39
6 103
6 104
6 9
6 105
6 25
6 106
6 107
6 12
6 108
6 109
6 110
6 95
7 112
7 113
7 98
7 114
7 115
7 20
7 116
7 21
7 117
7 22
7 118
7 119
7 23
7 120
7 8
7 24
7 121
7 122
7 10
7 123
7 11
7 13
7 111
8 128
8 129
8 130
8 131
8 100
8 132
8 20
8 133
8 21
8 134
8 22
8 135
8 23
8 136
8 24
8 10
8 11
8 124
8 125
8 13
8 126
8 127
9 144
9 145
9 146
9 19
9 83
9 147
9 148
9 149
9 69
9 150
9 54
9 118
9 40
9 137
9 138
9 139
9 27
9 140
9 125
9 141
9 142
9 143
10 160
10 161
10 162
10 20
10 21
10 22
10 151
10 23
10 152
10 24
10 153
10 154
10 155
10 11
10 156
10 157
10 13
10 109
10 158
10 159
10 143
11 163
11 164
11 20
11 165
11 21
11 166
11 22
11 167
11 23
11 168
11 24
11 137
11 169
11 170
11 107
11 171
11 172
11 13
11 173
11 174
12 32
12 160
12 176
12 97
12 129
12 177
12 178
12 179
12 180
12 116
12 181
12 182
12 183
12 87
12 184
12 56
12 185
12 73
12 186
12 45
12 174
12 175
13 192
13 193
13 177
13 194
13 99
13 195
13 196
13 20
13 197
13 21
13 22
13 23
13 24
13 187
13 188
13 189
13 190
13 142
13 191
14 208
14 16
14 144
14 17
14 18
14 101
14 182
14 198
14 199
14 200
14 201
14 202
14 203
14 204
14 205
14 206
14 207
14 15
15 16
15 209
15 17
15 145
15 210
15 18
15 211
15 212
15 213
15 214
15 102
15 183
15 215
15 216
15 217
15 218
15 219
16 224
16 17
16 225
16 18
16 226
16 146
16 227
16 228
16 229
16 230
16 103
16 184
16 220
16 221
16 222
16 223
17 240
17 241
17 18
17 147
17 231
17 104
17 232
17 185
17 233
17 234
17 235
17 236
17 237
17 238
17 239
18 242
18 243
18 148
18 244
18 245
18 246
18 247
18 248
18 249
18 105
18 186
18 250
18 251
18 252
19 128
19 48
19 256
19 193
19 257
19 210
19 34
19 258
19 243
19 165
19 198
19 119
19 231
19 88
19 59
19 76
19 221
19 253
19 141
19 158
19 254
19 255
20 258
20 259
20 180
20 260
20 21
20 261
20 150
20 22
20 262
20 23
20 263
20 24
20 264
20 265
20 266
20 267
20 268
20 108
21 272
21 273
21 274
21 275
21 276
21 149
21 277
21 278
21 22
21 23
21 24
21 269
21 253
21 270
21 110
21 271
21 175
22 288
22 176
22 279
22 23
22 280
22 24
22 281
22 282
22 283
22 139
22 284
22 285
22 286
22 95
22 255
22 287
23 96
23 256
23 289
23 290
23 179
23 291
23 292
23 293
23 294
23 295
23 296
23 24
23 297
23 298
23 138
24 304
24 305
24 178
24 306
24 307
24 308
24 106
24 299
24 300
24 140
24 301
24 302
24 254
24 303
25 32
25 81
25 67
25 164
25 101
25 309
25 53
25 102
25 310
25 39
25 103
25 311
25 104
25 312
25 105
25 313
25 314
25 315
25 27
25 316
25 317
25 318
26 320
26 33
26 321
26 258
26 322
26 35
26 323
26 36
26 324
26 325
26 37
26 326
26 38
26 310
26 327
26 328
26 329
26 267
26 28
26 29
26 30
26 31
26 319
27 336
27 144
27 337
27 289
27 321
27 145
27 34
27 338
27 146
27 83
27 147
27 148
27 69
27 54
27 40
27 330
27 331
27 332
27 333
27 334
27 335
28 96
28 33
28 289
28 35
28 339
28 36
28 340
28 37
28 341
28 38
28 342
28 343
28 312
28 344
28 345
28 346
28 347
28 348
28 349
28 29
28 30
28 31
29 352
29 33
29 353
29 354
29 355
29 35
29 356
29 36
29 357
29 37
29 358
29 38
29 359
29 360
29 361
29 316
29 30
29 350
29 31
29 335
29 351
30 160
30 368
30 33
30 369
30 370
30 35
30 371
30 36
30 37
30 38
30 151
30 313
30 362
30 363
30 364
30 365
30 334
30 366
30 31
30 367
31 33
31 35
31 36
31 372
31 37
31 373
31 38
31 374
31 375
31 376
31 377
31 330
31 378
31 315
31 379
31 380
31 381
31 382
31 383
32 384
32 385
32 386
32 387
32 388
32 340
32 389
32 309
32 373
32 182
32 183
32 87
32 184
32 56
32 185
32 73
32 186
32 267
32 363
32 45
32 351
33 400
33 385
33 337
33 35
33 36
33 37
33 390
33 38
33 391
33 311
33 392
33 393
33 394
33 395
33 396
33 397
33 398
33 399
34 48
34 401
34 210
34 402
34 322
34 354
34 243
34 403
34 339
34 404
34 405
34 198
34 151
34 231
34 88
34 395
34 59
34 76
34 333
34 221
34 383
35 338
35 402
35 388
35 36
35 37
35 38
35 406
35 407
35 408
35 409
35 410
35 411
35 412
35 413
35 414
35 318
35 415
36 416
36 336
36 417
36 418
36 387
36 419
36 403
36 420
36 37
36 421
36 38
36 422
36 423
36 424
36 425
36 317
37 384
37 432
37 433
37 434
37 164
37 405
37 38
37 137
37 426
37 331
37 427
37 428
37 429
37 430
37 431
38 401
38 386
38 435
38 436
38 437
38 438
38 439
38 440
38 441
38 314
38 442
38 443
38 444
38 332
39 448
39 449
39 81
39 450
39 67
39 451
39 452
39 308
39 453
39 101
39 53
39 102
39 103
39 40
39 104
39 105
39 428
39 445
39 45
39 446
39 447
40 48
40 112
40 144
40 145
40 146
40 83
40 147
40 148
40 69
40 454
40 54
40 455
40 456
40 457
40 362
40 458
40 459
40 460
40 461
40 462
41 464
41 49
41 465
41 450
41 50
41 466
41 51
41 467
41 52
41 468
41 469
41 454
41 470
41 392
41 42
41 395
41 43
41 44
41 46
41 271
41 47
41 463
41 175
42 49
42 50
42 51
42 52
42 165
42 471
42 472
42 473
42 169
42 474
42 458
42 475
42 331
42 43
42 476
42 44
42 428
42 477
42 478
42 46
42 479
42 47
43 480
43 481
43 49
43 482
43 50
43 483
43 51
43 484
43 308
43 52
43 485
43 486
43 487
43 488
43 489
43 490
43 459
43 44
43 140
43 46
43 47
44 496
44 49
44 497
44 50
44 498
44 51
44 499
44 452
44 52
44 500
44 501
44 502
44 455
44 491
44 492
44 493
44 46
44 494
44 47
44 495
45 448
45 484
45 502
45 182
45 503
45 87
45 183
45 504
45 184
45 392
45 56
45 505
45 185
45 73
45 169
45 506
45 186
45 507
45 508
45 509
46 512
46 112
46 449
46 513
46 49
46 98
46 514
46 50
46 515
46 51
46 516
46 52
46 517
46 518
46 519
46 504
46 510
46 511
46 47
47 528
47 49
47 529
47 50
47 530
47 451
47 51
47 52
47 520
47 505
47 521
47 522
47 523
47 524
47 525
47 462
47 526
47 527
48 210
48 243
48 531
48 532
48 533
48 534
48 422
48 198
48 231
48 488
48 88
48 457
48 474
48 59
48 76
48 221
48 493
48 271
48 511
48 527
49 544
49 50
49 51
49 531
49 52
49 453
49 535
49 536
49 537
49 538
49 507
49 539
49 540
49 541
49 461
49 542
49 543
50 545
50 546
50 547
50 51
50 532
50 548
50 52
50 549
50 550
50 503
50 551
50 456
50 552
50 553
50 554
50 445
51 560
51 561
51 562
51 563
51 52
51 533
51 313
51 506
51 362
51 555
51 556
51 557
51 446
51 558
51 559
52 387
52 564
52 565
52 566
52 422
52 567
52 568
52 569
52 570
52 571
52 508
52 460
52 572
52 447
53 576
53 577
53 81
53 578
53 67
53 579
53 580
53 101
53 102
53 54
53 103
53 104
53 56
53 473
53 105
53 412
53 573
53 270
53 574
53 575
54 144
54 145
54 146
54 83
54 147
54 148
54 565
54 69
54 197
54 581
54 582
54 583
54 584
54 585
54 586
54 587
54 59
54 588
54 349
55 592
55 64
55 593
55 65
55 594
55 66
55 595
55 596
55 580
55 565
55 597
55 598
55 599
55 57
55 58
55 60
55 61
55 589
55 62
55 590
55 591
55 63
55 447
56 528
56 594
56 182
56 183
56 87
56 184
56 600
56 153
56 185
56 601
56 73
56 186
56 602
56 603
56 604
56 605
56 606
56 575
56 431
57 64
57 608
57 65
57 609
57 66
57 610
57 611
57 612
57 405
57 613
57 614
57 615
57 473
57 458
57 586
57 58
57 60
57 61
57 62
57 63
57 607
57 431
58 64
58 65
58 66
58 578
58 179
58 295
58 312
58 616
58 617
58 602
58 618
58 619
58 620
58 60
58 621
58 61
58 349
58 622
58 62
58 623
58 63
59 624
59 625
59 210
59 626
59 243
59 611
59 627
59 628
59 629
59 198
59 438
59 583
59 231
59 295
59 88
59 553
59 76
59 221
59 591
60 64
60 65
60 577
60 626
60 66
60 630
60 631
60 600
60 632
60 633
60 585
60 634
60 635
60 636
60 61
60 637
60 62
60 638
60 63
60 639
61 64
61 576
61 640
61 65
61 641
61 66
61 642
61 99
61 643
61 644
61 629
61 197
61 645
61 646
61 647
61 648
61 604
61 62
61 63
62 64
62 656
62 65
62 657
62 66
62 579
62 503
62 601
62 649
62 553
62 650
62 651
62 652
62 588
62 653
62 654
62 63
62 655
63 624
63 64
63 65
63 66
63 658
63 338
63 659
63 660
63 661
63 662
63 663
63 664
63 584
63 665
63 666
63 603
63 412
64 672
64 528
64 65
64 673
64 386
64 66
64 674
64 581
64 438
64 667
64 668
64 669
64 574
64 670
64 671
64 527
65 66
65 675
65 628
65 676
65 677
65 582
65 678
65 679
65 680
65 681
65 153
65 682
65 683
65 573
65 158
66 688
66 689
66 690
66 627
66 691
66 692
66 149
66 587
66 684
66 685
66 605
66 270
66 686
66 687
67 81
67 69
67 261
67 101
67 693
67 102
67 694
67 614
67 103
67 695
67 104
67 696
67 73
67 105
67 697
67 698
67 699
67 444
67 492
68 80
68 704
68 705
68 706
68 707
68 708
68 70
68 71
68 72
68 696
68 74
68 363
68 75
68 555
68 700
68 365
68 77
68 701
68 446
68 78
68 702
68 79
68 703
69 144
69 145
69 146
69 83
69 323
69 147
69 148
69 709
69 710
69 711
69 712
69 713
69 714
69 715
69 555
69 76
69 302
69 655
70 720
70 80
70 176
70 721
70 722
70 723
70 724
70 71
70 72
70 713
70 74
70 75
70 283
70 444
70 332
70 716
70 717
70 77
70 718
70 78
70 719
70 79
71 480
71 80
71 626
71 484
71 725
71 726
71 727
71 72
71 728
71 697
71 729
71 74
71 106
71 730
71 635
71 75
71 731
71 77
71 302
71 78
71 79
72 80
72 736
72 737
72 738
72 739
72 740
72 709
72 741
72 119
72 74
72 698
72 75
72 732
72 77
72 733
72 78
72 734
72 79
72 111
72 735
73 742
73 182
73 694
73 743
73 183
73 423
73 87
73 744
73 184
73 745
73 185
73 746
73 186
73 635
73 477
73 718
73 702
73 111
74 752
74 80
74 753
74 754
74 755
74 323
74 261
74 150
74 310
74 743
74 747
74 75
74 748
74 749
74 77
74 750
74 78
74 751
74 79
75 80
75 756
75 757
75 758
75 614
75 759
75 760
75 761
75 474
75 762
75 586
75 715
75 763
75 764
75 477
75 77
75 78
75 79
76 768
76 480
76 210
76 243
76 644
76 741
76 198
76 711
76 759
76 231
76 88
76 283
76 365
76 221
76 765
76 766
76 751
76 767
77 768
77 80
77 769
77 770
77 771
77 403
77 772
77 773
77 774
77 775
77 695
77 423
77 776
77 777
77 714
77 78
77 79
78 784
78 80
78 785
78 786
78 644
78 712
78 744
78 778
78 779
78 699
78 780
78 604
78 781
78 782
78 783
78 79
79 80
79 787
79 788
79 789
79 710
79 790
79 742
79 455
79 791
79 792
79 793
79 794
79 795
79 492
79 765
80 800
80 801
80 802
80 803
80 579
80 804
80 693
80 745
80 796
80 797
80 798
80 799
80 767
80 655
81 320
81 83
81 805
81 101
81 806
81 630
81 102
81 807
81 103
81 791
81 87
81 808
81 104
81 809
81 105
81 810
81 572
81 157
82 816
82 817
82 818
82 819
82 100
82 132
82 820
82 84
82 821
82 85
82 86
82 808
82 89
82 90
82 91
82 811
82 92
82 812
82 93
82 813
82 94
82 814
82 815
83 144
83 145
83 146
83 675
83 147
83 148
83 420
83 132
83 725
83 822
83 823
83 520
83 824
83 88
83 825
83 826
83 827
84 832
84 833
84 497
84 834
84 85
84 710
84 86
84 791
84 824
84 89
84 90
84 602
84 91
84 828
84 92
84 621
84 829
84 93
84 493
84 830
84 94
84 831
85 835
85 675
85 836
85 837
85 838
85 86
85 839
85 840
85 89
85 841
85 90
85 842
85 91
85 843
85 92
85 844
85 93
85 157
85 573
85 94
85 143
86 848
86 849
86 850
86 451
86 851
86 852
86 853
86 520
86 89
86 809
86 90
86 91
86 92
86 93
86 845
86 285
86 94
86 846
86 255
86 847
87 816
87 593
87 497
87 182
87 854
87 183
87 807
87 855
87 856
87 184
87 857
87 185
87 186
87 748
87 844
87 285
87 381
88 784
88 210
88 818
88 243
88 836
88 198
88 231
88 823
88 858
88 859
88 860
88 621
88 541
88 397
88 221
88 303
88 847
89 864
89 320
89 865
89 321
89 866
89 867
89 825
89 90
89 91
89 507
89 92
89 748
89 93
89 861
89 541
89 94
89 862
89 863
89 751
90 593
90 420
90 868
90 869
90 870
90 871
90 872
90 873
90 874
90 91
90 92
90 860
90 572
90 460
90 93
90 317
90 94
90 591
91 880
91 881
91 882
91 883
91 884
91 855
91 858
91 810
91 827
91 875
91 92
91 876
91 93
91 877
91 94
91 878
91 879
92 385
92 805
92 885
92 886
92 854
92 822
92 887
92 888
92 889
92 890
92 891
92 892
92 93
92 893
92 397
92 94
93 896
93 897
93 178
93 898
93 899
93 900
93 725
93 630
93 856
93 697
93 585
93 94
93 894
93 303
93 895
94 784
94 901
94 806
94 902
94 903
94 744
94 904
94 905
94 906
94 826
94 907
94 908
94 381
94 383
95 96
95 912
95 176
95 401
95 913
95 98
95 914
95 915
95 99
95 100
95 199
95 440
95 713
95 106
95 107
95 139
95 108
95 109
95 909
95 110
95 910
95 911
96 98
96 179
96 99
96 916
96 100
96 341
96 342
96 343
96 344
96 345
96 106
96 138
96 346
96 107
96 347
96 108
96 348
96 109
96 349
96 110
97 448
97 562
97 916
97 917
97 181
97 309
97 918
97 694
97 919
97 807
97 920
97 632
97 440
97 921
97 922
97 923
97 924
97 925
97 877
97 926
97 575
97 783
98 512
98 513
98 514
98 99
98 515
98 100
98 516
98 116
98 917
98 517
98 518
98 118
98 519
98 106
98 107
98 108
98 109
98 510
98 110
99 640
99 641
99 177
99 642
99 643
99 100
99 644
99 645
99 646
99 647
99 648
99 106
99 107
99 108
99 109
99 110
99 142
99 783
100 129
100 817
100 819
100 820
100 821
100 919
100 106
100 811
100 107
100 812
100 108
100 125
100 813
100 109
100 814
100 110
100 815
101 928
101 144
101 833
101 929
101 930
101 182
101 102
101 103
101 135
101 536
101 104
101 376
101 105
101 922
101 685
101 717
101 927
102 145
102 370
102 530
102 931
102 660
102 932
102 933
102 934
102 183
102 103
102 775
102 104
102 105
102 923
102 893
102 189
103 482
103 146
103 293
103 391
103 935
103 680
103 184
103 104
103 904
103 936
103 105
103 937
103 938
103 763
103 924
104 737
104 882
104 419
104 467
104 147
104 920
104 185
104 105
104 650
104 282
104 939
104 940
104 941
104 942
105 944
105 945
105 673
105 946
105 148
105 359
105 552
105 921
105 122
105 186
105 781
105 863
105 943
106 178
106 626
106 484
106 725
106 726
106 727
106 632
106 728
106 729
106 730
106 107
106 731
106 108
106 140
106 109
106 110
107 384
107 947
107 948
107 244
107 949
107 950
107 951
107 952
107 953
107 137
107 858
107 108
107 109
107 877
107 110
107 174
108 960
108 961
108 226
108 180
108 150
108 743
108 954
108 955
108 956
108 925
108 957
108 109
108 958
108 110
108 959
109 160
109 562
109 962
109 963
109 964
109 533
109 965
109 966
109 215
109 967
109 844
109 334
109 110
109 143
110 149
110 454
110 968
110 969
110 233
110 970
110 971
110 972
110 605
110 973
110 974
110 926
110 175
111 112
111 113
111 514
111 114
111 115
111 117
111 742
111 743
111 423
111 120
111 744
111 121
111 745
111 122
111 698
111 123
111 635
111 477
111 718
111 702
111 975
112 449
112 113
112 114
112 115
112 117
112 454
112 455
112 120
112 456
112 121
112 122
112 362
112 458
112 123
112 459
112 460
112 461
112 733
112 462
112 511
113 976
113 977
113 513
113 978
113 834
113 114
113 979
113 115
113 980
113 981
113 117
113 120
113 681
113 121
113 953
113 122
113 442
113 123
113 732
113 750
113 463
114 512
114 115
114 117
114 326
114 982
114 983
114 120
114 984
114 121
114 985
114 122
114 986
114 522
114 762
114 123
114 987
114 988
114 814
114 734
114 623
115 688
115 736
115 992
115 993
115 994
115 850
115 995
115 996
115 117
115 120
115 728
115 121
115 122
115 123
115 989
115 510
115 990
115 991
115 495
116 624
116 160
116 176
116 449
116 129
116 993
116 177
116 178
116 658
116 179
116 180
116 980
116 917
116 997
116 982
116 998
116 999
116 174
116 206
116 975
116 175
117 720
117 737
117 515
117 564
117 838
117 999
117 647
117 120
117 920
117 1000
117 121
117 1001
117 122
117 1002
117 123
117 1003
117 1004
117 399
118 1008
118 978
118 149
118 150
118 119
118 248
118 1000
118 137
118 698
118 138
118 139
118 988
118 140
118 1005
118 125
118 1006
118 990
118 142
118 1007
118 511
118 143
119 128
119 256
119 736
119 1009
119 193
119 737
119 738
119 258
119 739
119 740
119 165
119 732
119 253
119 733
119 1006
119 158
119 254
119 734
119 255
119 735
120 1008
120 769
120 1010
120 962
120 1011
120 899
120 740
120 1012
120 1013
120 997
120 518
120 121
120 122
120 123
120 652
120 540
120 430
121 624
121 625
121 481
121 707
121 516
121 1014
121 1015
121 1016
121 1017
121 377
121 122
121 123
121 909
121 1007
121 879
121 735
122 944
122 945
122 673
122 946
122 739
122 517
122 998
122 359
122 248
122 552
122 123
122 781
122 863
122 943
123 738
123 803
123 596
123 885
123 198
123 519
123 1018
123 1019
123 1020
123 348
123 1005
123 1021
123 558
123 206
124 897
124 913
124 130
124 131
124 132
124 133
124 821
124 134
124 135
124 136
124 792
124 393
124 589
124 478
124 126
124 1022
124 127
124 1023
125 128
125 818
125 149
125 150
125 934
125 745
125 137
125 201
125 138
125 139
125 140
125 798
125 142
125 143
126 560
126 817
126 130
126 642
126 131
126 132
126 213
126 133
126 853
126 134
126 934
126 183
126 135
126 136
126 760
126 413
126 127
127 753
127 130
127 131
127 132
127 133
127 134
127 230
127 663
127 135
127 136
127 968
127 569
127 811
127 876
127 221
127 350
128 256
128 193
128 258
128 213
128 693
128 165
128 601
128 649
128 1003
128 253
128 798
128 158
128 254
128 255
129 160
129 176
129 177
129 178
129 546
129 179
129 532
129 180
129 230
129 919
129 1015
129 808
129 174
129 175
130 131
130 819
130 132
130 500
130 133
130 134
130 1015
130 135
130 952
130 136
130 601
130 905
130 364
130 606
130 735
131 960
131 835
131 532
131 132
131 133
131 534
131 774
131 134
131 135
131 439
131 136
131 619
131 813
132 818
132 675
132 420
132 133
132 725
132 134
132 822
132 135
132 808
132 136
132 520
132 824
132 825
132 826
132 827
133 704
133 466
133 867
133 134
133 135
133 136
133 344
133 988
133 814
133 638
134 610
134 963
134 820
134 325
134 486
134 135
134 999
134 136
134 889
134 1003
134 782
135 928
135 833
135 929
135 930
135 536
135 136
135 376
135 201
135 812
135 685
135 717
135 927
136 672
136 433
136 514
136 693
136 694
136 745
136 873
136 815
137 432
137 609
137 433
137 434
137 149
137 165
137 150
137 426
137 138
137 427
137 139
137 428
137 140
137 429
137 430
137 142
137 431
137 143
138 224
138 256
138 946
138 339
138 149
138 150
138 139
138 140
138 142
138 143
139 149
139 150
139 232
139 505
139 809
139 521
139 1018
139 140
139 142
139 255
139 143
140 480
140 481
140 482
140 483
140 149
140 485
140 150
140 486
140 487
140 489
140 490
140 254
140 142
140 143
141 609
141 257
141 981
141 918
141 711
141 583
141 823
141 457
141 521
141 380
141 333
141 798
141 1006
141 862
142 209
142 193
142 149
142 629
142 373
142 150
142 987
142 380
142 1022
142 942
142 143
143 835
143 149
143 837
143 150
143 838
143 839
143 840
143 841
143 842
143 843
143 573
143 158
144 145
144 146
144 147
144 148
144 356
144 708
144 198
144 519
144 280
144 906
144 622
145 400
145 881
145 210
145 146
145 147
145 148
145 980
145 981
145 152
145 668
145 797
145 958
145 494
146 465
146 595
146 147
146 148
146 263
146 410
146 779
146 811
146 221
147 947
147 851
147 275
147 148
147 773
147 549
147 231
147 378
147 639
148 739
148 243
148 645
148 166
148 441
148 890
148 539
149 688
149 689
149 690
149 691
149 692
149 150
149 684
149 685
149 253
149 686
149 687
150 752
150 753
150 754
150 258
150 755
150 310
150 747
150 748
150 749
150 862
150 750
151 161
151 401
151 162
151 402
151 322
151 354
151 339
151 403
151 405
151 677
151 152
151 153
151 154
151 842
151 155
151 395
151 156
151 157
151 334
151 159
151 383
152 400
152 161
152 881
152 162
152 370
152 980
152 837
152 215
152 681
152 153
152 154
152 155
152 156
152 668
152 797
152 157
152 958
152 494
152 159
153 528
153 161
153 594
153 162
153 966
153 600
153 601
153 154
153 602
153 155
153 603
153 156
153 364
153 604
153 157
153 573
153 605
153 159
153 431
154 592
154 864
154 161
154 162
154 515
154 371
154 963
154 436
154 757
154 838
154 683
154 155
154 156
154 157
154 159
155 1008
155 161
155 162
155 962
155 727
155 680
155 840
155 888
155 620
155 476
155 156
155 924
155 157
155 382
155 159
155 367
156 161
156 162
156 661
156 965
156 679
156 839
156 343
156 537
156 157
156 365
156 845
156 766
156 159
157 320
157 161
157 162
157 675
157 805
157 806
157 630
157 791
157 808
157 809
157 810
157 572
157 844
157 366
157 159
158 256
158 193
158 258
158 675
158 676
158 165
158 677
158 678
158 679
158 680
158 681
158 682
158 683
158 253
158 254
158 255
159 368
159 161
159 162
159 754
159 964
159 421
159 550
159 648
159 682
159 843
159 895
160 368
160 176
160 369
160 177
160 178
160 562
160 370
160 706
160 179
160 371
160 180
160 362
160 364
160 365
160 366
160 174
160 367
160 175
161 657
161 369
161 162
161 723
161 948
161 678
161 967
161 841
161 489
161 874
161 414
162 835
162 676
162 533
162 361
162 457
162 362
162 684
162 813
162 733
163 978
163 164
163 166
163 599
163 167
163 551
163 328
163 168
163 953
163 169
163 426
163 170
163 475
163 171
163 716
163 908
163 172
163 972
163 173
164 384
164 310
164 166
164 311
164 167
164 312
164 168
164 313
164 169
164 314
164 170
164 331
164 315
164 171
164 316
164 172
164 317
164 173
164 318
165 256
165 193
165 609
165 258
165 758
165 471
165 472
165 473
165 475
165 331
165 476
165 477
165 253
165 478
165 254
165 479
165 255
166 945
166 739
166 244
166 645
166 167
166 168
166 169
166 441
166 890
166 170
166 539
166 171
166 172
166 429
166 173
166 478
167 801
167 950
167 518
167 168
167 169
167 634
167 170
167 171
167 476
167 172
167 173
167 830
167 430
167 367
168 896
168 434
168 947
168 691
168 231
168 472
168 169
168 409
168 170
168 955
168 171
168 235
168 172
168 701
168 173
168 526
169 484
169 949
169 502
169 503
169 504
169 392
169 505
169 506
169 170
169 507
169 171
169 508
169 428
169 172
169 173
170 771
170 823
170 345
170 858
170 490
170 827
170 427
170 171
170 172
170 173
170 670
170 479
171 432
171 786
171 498
171 914
171 948
171 471
171 424
171 841
171 666
171 172
171 173
172 433
172 679
172 375
172 567
172 951
172 746
172 477
172 173
172 975
172 815
173 849
173 353
173 469
173 966
173 952
173 473
173 793
173 575
173 431
174 176
174 945
174 177
174 178
174 179
174 180
174 827
174 235
174 877
174 175
175 464
175 176
175 465
175 177
175 178
175 466
175 179
175 467
175 180
175 468
175 469
175 390
175 470
175 395
175 926
175 463
176 720
176 721
176 177
176 178
176 722
176 179
176 723
176 180
176 724
176 440
176 332
176 716
176 717
176 719
177 576
177 178
177 994
177 179
177 180
177 246
177 712
177 783
178 896
178 897
178 898
178 179
178 899
178 180
178 900
178 632
178 697
178 585
178 894
178 895
179 832
179 916
179 180
179 312
179 616
179 617
179 618
179 619
179 620
179 621
179 622
179 623
180 936
180 217
180 1020
180 925
181 832
181 257
181 658
181 546
181 706
181 1012
181 389
181 918
181 390
181 857
181 746
181 509
181 606
182 272
182 183
182 487
182 184
182 664
182 185
182 922
182 186
182 443
182 795
182 812
183 560
183 642
183 853
183 184
183 760
183 185
183 186
183 923
183 413
184 307
184 740
184 1012
184 613
184 840
184 185
184 186
184 554
184 347
184 924
185 912
185 194
185 872
185 920
185 1000
185 360
185 186
185 683
185 799
185 543
186 291
186 884
186 517
186 921
186 777
186 686
186 319
187 192
187 418
187 866
187 194
187 1011
187 195
187 643
187 692
187 196
187 788
187 197
187 997
187 950
187 188
187 189
187 557
187 190
187 191
188 512
188 752
188 192
188 640
188 848
188 194
188 195
188 196
188 612
188 197
188 987
188 396
188 189
188 190
188 191
189 192
189 209
189 370
189 194
189 642
189 530
189 931
189 195
189 660
189 932
189 196
189 933
189 197
189 934
189 775
189 893
189 190
189 191
190 192
190 496
190 721
190 194
190 243
190 195
190 196
190 197
190 821
190 645
190 246
190 631
190 429
190 1022
190 191
191 192
191 194
191 674
191 195
191 196
191 468
191 197
191 726
191 327
191 648
191 843
192 880
192 194
192 195
192 548
192 196
192 644
192 197
192 965
192 711
192 712
192 408
192 616
193 256
193 258
193 1011
193 315
193 380
193 237
193 253
193 254
193 255
194 912
194 195
194 196
194 197
194 647
194 360
194 872
194 1000
194 683
194 237
194 942
194 799
194 543
195 736
195 641
195 994
195 196
195 597
195 485
195 309
195 373
195 197
195 315
195 956
195 829
196 705
196 197
196 437
196 646
196 651
196 971
196 479
197 576
197 565
197 629
197 581
197 582
197 584
197 585
197 586
197 587
197 588
197 349
198 210
198 803
198 243
198 596
198 885
198 231
198 1018
198 1019
198 1020
198 348
198 221
198 1021
198 558
199 208
199 912
199 401
199 913
199 914
199 915
199 280
199 200
199 713
199 201
199 1018
199 202
199 443
199 203
199 204
199 717
199 909
199 205
199 910
199 206
199 207
199 911
200 208
200 928
200 356
200 487
200 488
200 201
200 202
200 203
200 1004
200 316
200 204
200 1021
200 205
200 206
200 207
201 208
201 818
201 803
201 934
201 745
201 202
201 203
201 812
201 204
201 205
201 206
201 207
202 208
202 536
202 939
202 203
202 1020
202 204
202 461
202 205
202 206
202 207
203 208
203 929
203 708
203 983
203 696
203 506
203 204
203 205
203 558
203 206
203 207
204 208
204 594
204 930
204 596
204 996
204 937
204 205
204 206
204 207
205 208
205 272
205 885
205 854
205 587
205 685
205 253
205 206
205 207
205 943
206 208
206 624
206 449
206 993
206 980
206 997
206 982
206 998
206 519
206 999
206 664
206 207
206 975
206 927
207 208
207 976
207 806
207 376
207 330
207 906
207 1019
208 833
208 578
208 916
208 340
208 1013
208 824
208 795
208 348
208 765
208 622
209 642
209 211
209 212
209 372
209 213
209 629
209 373
209 214
209 215
209 216
209 217
209 218
209 219
209 987
209 1022
209 942
210 513
210 243
210 372
210 981
210 837
210 231
210 264
210 794
210 221
210 654
211 530
211 212
211 213
211 853
211 214
211 215
211 216
211 217
211 218
211 219
211 668
211 574
211 462
211 847
212 452
212 213
212 933
212 742
212 214
212 215
212 216
212 217
212 218
212 794
212 219
212 494
213 693
213 214
213 934
213 215
213 216
213 217
213 601
213 218
213 219
213 1003
213 797
213 654
214 513
214 402
214 980
214 660
214 917
214 215
214 504
214 216
214 584
214 217
214 218
214 219
214 413
214 927
215 560
215 370
215 962
215 963
215 964
215 533
215 837
215 965
215 966
215 967
215 216
215 217
215 218
215 219
215 844
215 334
216 400
216 822
216 311
216 217
216 1017
216 218
216 219
216 893
217 932
217 936
217 264
217 218
217 219
217 1020
217 958
218 881
218 931
218 995
218 759
218 760
218 810
218 219
219 944
219 775
219 714
220 224
220 337
220 225
220 465
220 450
220 226
220 227
220 228
220 229
220 230
220 391
220 968
220 986
220 926
220 222
220 223
221 753
221 243
221 663
221 231
221 968
221 569
221 876
221 350
222 224
222 225
222 226
222 931
222 227
222 611
222 228
222 229
222 613
222 230
222 855
222 1001
222 715
222 763
222 876
222 223
223 224
223 992
223 225
223 226
223 227
223 836
223 228
223 229
223 582
223 230
223 680
223 840
223 941
224 225
224 946
224 226
224 339
224 227
224 228
224 229
224 293
224 230
224 347
225 928
225 482
225 226
225 307
225 227
225 228
225 229
225 230
225 459
225 254
225 350
225 351
226 960
226 753
226 961
226 227
226 228
226 229
226 230
226 743
226 263
226 936
226 954
226 955
226 956
226 957
226 958
226 959
227 977
227 595
227 580
227 228
227 229
227 230
227 569
227 937
227 508
228 1009
228 740
228 741
228 229
228 230
228 663
228 935
228 410
228 603
228 318
229 230
229 904
229 826
229 779
229 1019
229 699
230 532
230 1015
230 808
230 554
230 938
230 811
231 896
231 243
231 691
231 409
231 955
231 701
231 526
232 240
232 912
232 241
232 851
232 505
232 809
232 233
232 1018
232 282
232 234
232 235
232 236
232 237
232 238
232 526
232 239
233 240
233 241
233 275
233 691
233 467
233 454
233 968
233 969
233 970
233 234
233 971
233 235
233 972
233 236
233 237
233 605
233 973
233 974
233 238
233 239
234 240
234 336
234 241
234 419
234 773
234 695
234 1016
234 872
234 235
234 860
234 236
234 237
234 238
234 239
235 240
235 945
235 241
235 882
235 947
235 827
235 236
235 237
235 238
235 239
236 240
236 896
236 241
236 577
236 354
236 856
236 360
236 984
236 940
236 237
236 238
236 239
236 639
237 240
237 241
237 1011
237 378
237 315
237 238
237 942
237 239
238 240
238 241
238 531
238 932
238 955
238 939
238 925
238 989
238 239
238 543
238 1023
239 240
239 241
239 979
239 549
239 650
239 588
239 445
239 799
239 767
240 241
240 737
240 388
240 709
240 935
240 1000
240 409
240 1006
241 929
241 628
241 683
241 701
241 941
241 702
242 768
242 944
242 930
242 244
242 245
242 246
242 247
242 248
242 777
242 985
242 249
242 250
242 251
242 252
243 496
243 721
243 821
243 631
243 429
244 384
244 945
244 947
244 948
244 884
244 949
244 245
244 950
244 246
244 951
244 247
244 952
244 248
244 953
244 249
244 858
244 250
244 251
244 252
244 429
245 322
245 453
245 246
245 247
245 248
245 249
245 825
245 250
245 1002
245 539
245 251
245 252
245 863
245 319
246 576
246 994
246 645
246 247
246 712
246 248
246 249
246 250
246 251
246 252
246 781
247 256
247 496
247 946
247 291
247 933
247 502
247 1014
247 248
247 249
247 250
247 251
247 252
248 1008
248 978
248 739
248 517
248 1000
248 249
248 250
248 698
248 251
248 988
248 252
248 1005
248 990
248 1007
248 511
249 816
249 821
249 919
249 456
249 552
249 250
249 938
249 251
249 252
250 1010
250 627
250 805
250 890
250 251
250 252
250 686
250 943
251 721
251 673
251 581
251 441
251 314
251 252
251 718
252 359
252 631
252 600
252 940
252 1021
252 335
253 256
253 258
253 854
253 891
253 587
253 254
253 255
253 943
254 928
254 256
254 352
254 258
254 459
254 255
254 351
255 256
255 848
255 849
255 258
255 850
255 451
255 851
255 852
255 853
255 521
255 845
255 846
256 258
256 933
256 502
256 1014
256 491
257 352
257 625
257 1009
257 404
257 534
257 918
257 758
257 649
257 859
257 891
257 491
257 766
258 320
258 323
258 324
258 325
258 326
258 327
258 328
258 329
258 862
258 319
259 416
259 802
259 483
259 755
259 260
259 852
259 261
259 262
259 263
259 264
259 265
259 266
259 970
259 618
259 267
259 268
259 957
259 319
260 320
260 961
260 547
260 261
260 262
260 807
260 263
260 264
260 265
260 266
260 267
260 268
260 748
260 764
260 366
260 910
260 687
261 323
261 693
261 614
261 262
261 743
261 695
261 263
261 696
261 264
261 697
261 265
261 266
261 698
261 267
261 699
261 444
261 268
261 492
262 434
262 325
262 263
262 264
262 665
262 729
262 265
262 266
262 267
262 955
262 907
262 268
262 749
262 559
263 753
263 465
263 595
263 324
263 936
263 264
263 265
263 266
263 410
263 267
263 779
263 811
263 268
264 513
264 372
264 837
264 328
264 265
264 266
264 794
264 267
264 268
264 654
264 750
264 958
265 752
265 640
265 770
265 357
265 326
265 982
265 471
265 266
265 267
265 268
265 831
265 959
266 738
266 754
266 868
266 964
266 327
266 954
266 394
266 267
266 268
266 1020
266 524
266 637
267 384
267 385
267 386
267 387
267 388
267 340
267 373
267 310
267 363
267 268
267 956
267 351
268 960
268 722
268 676
268 329
268 346
268 747
268 878
269 272
269 273
269 465
269 274
269 275
269 643
269 499
269 276
269 692
269 324
269 277
269 278
269 871
269 968
269 700
269 270
269 271
270 272
270 576
270 273
270 577
270 274
270 578
270 275
270 579
270 276
270 580
270 277
270 469
270 278
270 473
270 587
270 412
270 573
270 605
270 574
270 271
271 272
271 273
271 274
271 275
271 531
271 532
271 276
271 533
271 277
271 422
271 454
271 278
271 488
271 474
271 684
271 493
271 511
271 527
272 273
272 274
272 275
272 276
272 468
272 277
272 278
272 487
272 664
272 443
272 795
272 812
272 685
272 974
273 688
273 274
273 275
273 276
273 404
273 277
273 677
273 278
273 395
273 780
273 973
273 510
273 894
274 369
274 690
274 466
274 275
274 276
274 277
274 278
274 969
274 538
274 730
274 875
274 590
275 947
275 691
275 467
275 851
275 276
275 773
275 277
275 549
275 278
275 378
275 639
276 961
276 563
276 277
276 358
276 278
276 470
276 854
276 857
276 971
276 687
276 719
276 607
277 656
277 464
277 755
277 901
277 278
277 342
277 998
277 921
277 970
277 525
277 686
277 943
278 689
278 568
278 617
278 426
278 732
278 972
278 861
278 463
278 911
279 288
279 849
279 819
279 772
279 724
279 280
279 281
279 282
279 283
279 284
279 556
279 285
279 909
279 398
279 286
279 1007
279 287
280 288
280 356
280 708
280 519
280 281
280 1018
280 282
280 906
280 283
280 284
280 717
280 285
280 622
280 846
280 286
280 287
281 608
281 288
281 721
281 913
281 852
281 282
281 571
281 283
281 731
281 411
281 828
281 284
281 285
281 286
281 287
282 720
282 288
282 912
282 737
282 882
282 419
282 467
282 851
282 650
282 283
282 939
282 284
282 940
282 285
282 941
282 286
282 942
282 287
283 768
283 480
283 288
283 644
283 741
283 759
283 713
283 284
283 365
283 845
283 285
283 765
283 286
283 751
283 287
283 767
284 288
284 689
284 341
284 853
284 870
284 778
284 475
284 716
284 285
284 286
284 287
284 911
285 816
285 288
285 593
285 497
285 854
285 855
285 856
285 809
285 748
285 844
285 381
285 286
285 910
285 719
285 287
286 432
286 848
286 288
286 545
286 914
286 723
286 789
286 678
286 892
286 959
286 287
287 288
287 401
287 993
287 850
287 535
287 633
287 761
287 842
287 332
287 333
287 973
288 800
288 448
288 722
288 915
288 451
288 659
288 900
288 949
288 505
288 329
289 336
289 337
289 321
289 338
289 290
289 339
289 291
289 292
289 293
289 294
289 295
289 296
289 312
289 297
289 298
289 330
289 331
289 332
289 334
289 335
290 291
290 804
290 292
290 293
290 646
290 470
290 294
290 295
290 296
290 297
290 345
290 298
290 859
290 427
290 621
291 946
291 292
291 884
291 517
291 293
291 342
291 294
291 295
291 296
291 297
291 777
291 298
291 618
291 686
291 319
292 417
292 817
292 341
292 933
292 293
292 294
292 615
292 295
292 296
292 297
292 617
292 298
292 923
292 542
292 703
293 482
293 294
293 295
293 391
293 935
293 296
293 680
293 904
293 936
293 297
293 937
293 298
293 938
293 347
293 763
293 620
294 529
294 355
294 598
294 951
294 295
294 839
294 343
294 296
294 616
294 297
294 298
295 624
295 626
295 627
295 611
295 628
295 629
295 1014
295 438
295 296
295 297
295 553
295 298
295 349
295 591
296 368
296 785
296 297
296 298
296 570
296 954
296 348
296 1005
296 653
296 622
296 846
297 561
297 898
297 374
297 344
297 969
297 298
297 734
297 623
297 671
298 915
298 502
298 887
298 407
298 346
298 747
298 619
298 636
298 509
299 304
299 928
299 865
299 305
299 306
299 307
299 308
299 501
299 726
299 487
299 776
299 682
299 922
299 300
299 301
299 974
299 302
299 415
299 303
299 895
300 304
300 464
300 305
300 897
300 306
300 483
300 307
300 308
300 756
300 869
300 662
300 731
300 379
300 301
300 957
300 302
300 303
301 304
301 305
301 641
301 306
301 307
301 883
301 308
301 389
301 485
301 790
301 728
301 523
301 302
301 894
301 990
301 303
301 351
302 480
302 304
302 305
302 306
302 307
302 323
302 308
302 709
302 710
302 712
302 713
302 697
302 714
302 715
302 555
302 655
302 303
303 304
303 784
303 305
303 306
303 818
303 307
303 836
303 308
303 725
303 858
303 490
303 860
303 621
303 541
303 397
303 847
304 481
304 305
304 626
304 306
304 307
304 308
304 516
304 724
304 886
304 583
304 425
304 585
305 896
305 306
305 307
305 371
305 308
305 820
305 486
305 472
305 729
305 667
305 749
306 690
306 898
306 307
306 435
306 308
306 566
306 902
306 967
306 489
306 730
306 796
307 482
307 899
307 740
307 308
307 613
307 727
307 840
307 554
307 347
308 449
308 450
308 451
308 452
308 484
308 900
308 453
308 459
308 428
308 445
308 446
308 447
309 448
309 736
309 389
309 597
309 485
309 694
309 807
309 920
309 921
309 922
309 923
309 924
309 956
309 829
309 575
309 991
310 752
310 753
310 321
310 754
310 755
310 311
310 312
310 313
310 314
310 747
310 315
310 748
310 956
310 316
310 749
310 317
310 750
310 318
311 385
311 337
311 822
311 312
311 1017
311 313
311 314
311 315
311 316
311 317
311 318
312 340
312 616
312 313
312 617
312 314
312 618
312 315
312 619
312 620
312 316
312 621
312 829
312 317
312 622
312 318
312 623
313 560
313 561
313 562
313 563
313 314
313 363
313 315
313 555
313 316
313 556
313 317
313 557
313 334
313 318
313 558
313 559
314 386
314 581
314 315
314 332
314 316
314 317
314 718
314 318
315 1011
315 373
315 330
315 316
315 317
315 318
316 485
316 488
316 1004
316 317
316 318
316 335
316 351
317 336
317 387
317 868
317 597
317 869
317 870
317 871
317 872
317 873
317 874
317 460
317 318
317 591
318 736
318 1009
318 338
318 388
318 741
318 603
319 320
319 755
319 323
319 884
319 324
319 325
319 517
319 326
319 327
319 328
319 329
319 777
319 686
319 863
320 323
320 324
320 325
320 805
320 326
320 806
320 630
320 327
320 791
320 328
320 808
320 329
320 809
320 825
320 810
320 748
320 572
321 864
321 336
321 865
321 337
321 866
321 338
321 322
321 867
321 535
321 330
321 507
321 331
321 332
321 861
321 862
321 334
321 863
321 335
321 751
322 401
322 402
322 354
322 339
322 403
322 453
322 405
322 535
322 825
322 1002
322 395
322 383
323 324
323 325
323 709
323 326
323 710
323 327
323 328
323 712
323 329
323 713
323 714
323 715
323 555
323 655
323 751
324 753
324 866
324 643
324 499
324 325
324 326
324 327
324 871
324 328
324 329
324 700
325 864
325 610
325 963
325 326
325 486
325 327
325 999
325 328
325 889
325 329
325 1002
325 749
325 782
326 752
326 867
326 327
326 983
326 328
326 984
326 329
326 985
326 986
326 522
326 762
326 987
326 814
326 623
327 865
327 754
327 674
327 468
327 726
327 328
327 329
327 843
328 978
328 599
328 551
328 329
328 716
328 908
328 972
328 861
328 750
329 800
329 448
329 659
329 900
329 949
329 453
329 507
329 747
330 976
330 336
330 337
330 338
330 806
330 331
330 332
330 334
330 335
330 383
331 336
331 337
331 338
331 405
331 471
331 472
331 473
331 761
331 475
331 476
331 332
331 477
331 478
331 334
331 479
331 335
332 336
332 720
332 337
332 721
332 401
332 338
332 722
332 723
332 724
332 716
332 717
332 334
332 335
332 719
333 993
333 404
333 981
333 711
333 535
333 583
333 823
333 633
333 457
333 761
333 842
333 973
333 991
334 336
334 337
334 338
334 962
334 963
334 964
334 533
334 965
334 966
334 967
334 842
334 844
334 335
335 336
335 337
335 338
335 354
335 600
335 633
335 940
335 1021
336 337
336 338
336 403
336 695
336 1016
336 860
337 450
337 338
337 986
337 395
337 973
337 926
338 993
338 658
338 402
338 659
338 660
338 661
338 662
338 663
338 664
338 665
338 666
339 401
339 946
339 402
339 354
339 403
339 405
339 395
339 383
340 384
340 385
340 386
340 578
340 387
340 916
340 388
340 1013
340 373
340 790
340 824
340 363
340 829
340 765
340 351
341 689
341 870
341 342
341 343
341 344
341 345
341 617
341 778
341 346
341 475
341 347
341 348
341 349
342 656
342 946
342 755
342 901
342 998
342 343
342 344
342 921
342 345
342 346
342 618
342 347
342 348
342 525
342 349
343 661
343 344
343 616
343 537
343 345
343 346
343 347
343 348
343 845
343 349
343 765
343 766
344 704
344 466
344 867
344 345
344 346
344 347
344 988
344 348
344 349
344 638
344 623
345 771
345 823
345 824
345 490
345 346
345 347
345 348
345 621
345 349
345 670
346 722
346 676
346 347
346 619
346 348
346 349
346 878
347 740
347 1013
347 613
347 840
347 554
347 620
347 348
347 349
348 803
348 596
348 885
348 1018
348 1019
348 1020
348 1021
348 349
348 622
348 558
349 578
349 581
349 565
349 582
349 584
349 585
349 586
349 587
349 588
350 352
350 753
350 353
350 355
350 356
350 357
350 358
350 359
350 663
350 360
350 968
350 361
350 569
350 876
351 384
351 928
351 385
351 386
351 387
351 388
351 485
351 373
351 363
351 459
352 1009
352 353
352 355
352 356
352 357
352 358
352 758
352 359
352 360
352 361
352 649
352 891
352 491
353 577
353 849
353 355
353 356
353 357
353 469
353 358
353 966
353 359
353 360
353 600
353 361
353 793
353 575
354 577
354 401
354 402
354 403
354 405
354 856
354 984
354 633
354 395
354 894
354 383
355 529
355 356
355 357
355 358
355 598
355 359
355 951
355 839
355 360
355 361
356 928
356 708
356 357
356 358
356 359
356 519
356 360
356 361
356 906
356 1021
356 622
357 640
357 770
357 358
357 982
357 359
357 471
357 360
357 984
357 361
357 831
358 961
358 563
358 359
358 856
358 360
358 857
358 361
358 719
358 607
359 944
359 945
359 673
359 946
359 360
359 552
359 361
359 781
359 863
359 943
360 912
360 872
360 1000
360 361
360 683
360 1004
360 940
360 799
360 543
361 488
361 457
361 459
361 684
361 813
361 733
362 368
362 369
362 370
362 371
362 533
362 454
362 455
362 456
362 458
362 459
362 364
362 460
362 365
362 461
362 446
362 366
362 462
362 367
363 384
363 704
363 385
363 705
363 386
363 706
363 387
363 707
363 388
363 708
363 373
363 700
363 701
363 446
363 703
364 368
364 369
364 370
364 371
364 707
364 500
364 966
364 952
364 905
364 556
364 365
364 366
364 606
364 367
364 735
365 768
365 368
365 480
365 369
365 370
365 371
365 644
365 741
365 965
365 759
365 555
365 765
365 366
365 367
365 751
365 767
366 368
366 369
366 705
366 370
366 563
366 547
366 371
366 807
366 844
366 764
366 910
366 687
366 367
367 368
367 801
367 369
367 370
367 962
367 371
367 518
367 634
367 700
367 557
367 830
368 369
368 785
368 370
368 371
368 964
368 708
368 570
368 954
368 1005
368 653
368 846
368 558
369 704
369 561
369 370
369 371
369 967
369 538
369 730
369 875
369 590
370 560
370 530
370 931
370 371
370 660
370 932
370 933
370 934
370 775
370 893
370 703
371 963
371 820
371 472
371 667
371 749
371 701
371 559
372 976
372 513
372 837
372 374
372 375
372 376
372 377
372 378
372 794
372 379
372 908
372 380
372 381
372 654
372 382
373 384
373 385
373 641
373 386
373 387
373 388
373 629
373 987
373 1022
373 942
374 561
374 898
374 902
374 375
374 376
374 377
374 969
374 378
374 987
374 379
374 380
374 381
374 734
374 382
374 671
375 679
375 567
375 744
375 376
375 377
375 746
375 378
375 379
375 380
375 381
375 382
375 975
375 815
376 928
376 833
376 929
376 930
376 536
376 377
376 906
376 378
376 379
376 380
376 685
376 717
376 381
376 382
376 927
377 625
377 481
377 707
377 629
377 1014
377 1015
377 1016
377 1017
377 905
377 378
377 379
377 380
377 909
377 381
377 382
377 879
378 947
378 851
378 773
378 549
378 907
378 379
378 380
378 381
378 942
378 382
378 639
379 464
379 756
379 869
379 901
379 662
379 380
379 957
379 381
379 1022
379 382
380 609
380 903
380 521
380 381
380 798
380 382
380 1006
380 862
381 816
381 593
381 497
381 806
381 854
381 855
381 856
381 748
381 844
381 382
382 1008
382 1011
382 727
382 888
382 904
382 620
382 476
382 924
383 401
383 402
383 403
383 901
383 405
383 902
383 903
383 744
383 904
383 905
383 906
383 395
383 907
383 780
383 908
384 385
384 386
384 947
384 387
384 883
384 948
384 388
384 949
384 950
384 951
384 952
384 953
384 858
385 386
385 387
385 388
385 885
385 886
385 887
385 888
385 889
385 890
385 891
385 892
385 893
386 672
386 673
386 674
386 387
386 388
386 667
386 523
386 668
386 669
386 670
386 671
386 527
387 564
387 388
387 565
387 597
387 566
387 567
387 568
387 569
387 570
387 571
387 572
388 736
388 709
388 935
388 1006
388 990
389 641
389 883
389 1012
389 404
389 790
389 857
389 746
389 523
389 509
389 606
389 990
389 991
390 832
390 400
390 658
390 546
390 706
390 391
390 392
390 393
390 394
390 891
390 396
390 397
390 926
390 398
390 399
391 400
391 465
391 482
391 935
391 680
391 888
391 392
391 904
391 936
391 393
391 937
391 394
391 938
391 763
391 396
391 397
391 398
391 399
392 400
392 450
392 484
392 502
392 503
392 887
392 504
392 505
392 393
392 506
392 394
392 507
392 508
392 396
392 397
392 398
392 399
393 400
393 464
393 897
393 913
393 792
393 890
393 394
393 396
393 397
393 589
393 478
393 398
393 1022
393 399
393 1023
394 400
394 738
394 868
394 964
394 468
394 885
394 396
394 524
394 397
394 637
394 398
394 399
395 464
395 401
395 465
395 402
395 466
395 403
395 467
395 468
395 405
395 469
395 470
395 973
395 463
396 512
396 752
396 400
396 848
396 466
396 612
396 986
396 892
396 397
396 398
396 399
397 400
397 784
397 818
397 836
397 822
397 470
397 858
397 860
397 621
397 541
397 398
397 399
397 847
398 400
398 819
398 772
398 469
398 886
398 1017
398 556
398 1007
398 399
399 720
399 400
399 467
399 564
399 838
399 647
399 920
399 889
399 1001
399 1002
399 1003
399 1004
400 881
400 980
400 668
400 797
400 893
400 958
400 494
400 463
401 912
401 913
401 402
401 914
401 915
401 403
401 405
401 713
401 909
401 910
401 911
402 993
402 403
402 917
402 405
402 504
402 584
402 510
402 927
403 769
403 770
403 771
403 772
403 773
403 405
403 774
403 775
403 776
403 777
404 625
404 677
404 534
404 859
404 780
404 510
404 894
404 766
404 991
405 608
405 609
405 610
405 612
405 613
405 614
405 615
405 761
405 458
405 607
406 544
406 1009
406 658
406 787
406 917
406 918
406 903
406 407
406 408
406 409
406 410
406 411
406 412
406 669
406 413
406 414
406 1006
406 415
407 915
407 659
407 887
407 504
407 408
407 409
407 410
407 747
407 411
407 636
407 412
407 509
407 413
407 414
407 415
408 880
408 548
408 709
408 741
408 661
408 965
408 711
408 616
408 409
408 410
408 411
408 412
408 413
408 414
408 415
409 896
409 691
409 665
409 410
409 955
409 411
409 412
409 701
409 413
409 414
409 526
409 415
410 465
410 595
410 663
410 935
410 779
410 811
410 411
410 412
410 413
410 414
410 415
411 608
411 662
411 571
411 731
411 828
411 412
411 413
411 414
411 415
412 576
412 577
412 578
412 579
412 580
412 584
412 473
412 603
412 573
412 413
412 414
412 574
412 415
413 560
413 642
413 660
413 853
413 760
413 414
413 415
414 657
414 723
414 948
414 489
414 666
414 874
414 415
415 865
415 501
415 776
415 664
415 682
415 922
415 974
415 927
416 417
416 418
416 802
416 419
416 483
416 420
416 852
416 421
416 869
416 422
416 423
416 424
416 777
416 425
416 970
416 618
416 571
417 817
417 418
417 419
417 420
417 421
417 422
417 870
417 775
417 423
417 615
417 568
417 424
417 425
417 923
417 542
417 703
418 769
418 866
418 419
418 420
418 692
418 788
418 421
418 997
418 950
418 422
418 423
418 871
418 424
418 569
418 425
418 557
419 737
419 882
419 467
419 564
419 420
419 773
419 421
419 422
419 423
419 424
419 872
419 425
419 650
419 939
419 940
419 941
419 942
420 675
420 771
420 421
420 725
420 422
420 822
420 423
420 424
420 520
420 824
420 425
420 825
420 826
420 827
420 860
420 572
421 754
421 868
421 422
421 550
421 423
421 776
421 424
421 648
421 425
421 570
421 895
422 531
422 532
422 533
422 774
422 423
422 424
422 488
422 425
422 474
422 460
422 493
422 511
422 527
423 742
423 743
423 567
423 695
423 744
423 424
423 745
423 873
423 425
423 635
423 477
423 718
423 702
424 770
424 786
424 498
424 914
424 566
424 425
424 841
424 666
424 874
425 772
425 516
425 724
425 565
425 886
425 583
425 1016
425 591
426 432
426 433
426 434
426 615
426 568
426 953
426 617
426 475
426 427
426 428
426 732
426 861
426 429
426 430
426 431
426 911
427 432
427 433
427 434
427 804
427 646
427 470
427 858
427 859
427 428
427 429
427 430
427 479
427 607
427 431
428 432
428 449
428 433
428 450
428 434
428 451
428 452
428 949
428 453
428 458
428 445
428 429
428 446
428 430
428 447
428 431
429 608
429 432
429 496
429 721
429 433
429 434
429 821
429 631
429 478
429 430
429 431
430 432
430 769
430 433
430 1010
430 962
430 434
430 1011
430 899
430 1012
430 1013
430 613
430 950
430 652
430 476
430 540
430 431
431 432
431 528
431 433
431 594
431 434
431 952
431 600
431 473
431 601
431 602
431 603
431 604
431 605
432 545
432 433
432 434
432 948
432 612
432 789
432 678
432 471
432 892
432 959
433 672
433 514
433 434
433 694
433 614
433 951
433 873
433 477
434 610
434 947
434 472
434 665
434 729
434 907
434 559
435 690
435 914
435 723
435 436
435 437
435 566
435 902
435 438
435 967
435 439
435 440
435 441
435 442
435 443
435 444
435 796
435 671
436 592
436 864
436 720
436 912
436 515
436 757
436 437
436 438
436 439
436 440
436 441
436 442
436 443
436 667
436 444
437 705
437 438
437 439
437 440
437 441
437 442
437 443
437 651
437 971
437 444
437 670
437 910
437 479
437 719
438 624
438 626
438 627
438 611
438 628
438 724
438 629
438 581
438 439
438 440
438 553
438 441
438 442
438 443
438 444
438 909
438 591
439 960
439 722
439 915
439 835
439 534
439 774
439 440
439 441
439 442
439 443
439 619
439 444
439 527
440 562
440 916
440 917
440 919
440 632
440 441
440 442
440 443
440 444
440 925
440 669
440 877
440 926
440 783
441 721
441 673
441 913
441 739
441 645
441 890
441 442
441 443
441 539
441 444
442 976
442 977
442 834
442 979
442 981
442 681
442 953
442 443
442 444
442 716
442 668
442 750
442 463
442 911
443 674
443 487
443 664
443 795
443 444
443 812
443 717
444 672
444 693
444 614
444 695
444 696
444 713
444 697
444 698
444 699
444 492
444 718
445 800
445 449
445 450
445 979
445 451
445 452
445 453
445 503
445 456
445 588
445 446
445 447
445 767
446 704
446 449
446 705
446 450
446 706
446 451
446 707
446 452
446 708
446 453
446 506
446 700
446 701
446 447
446 703
447 592
447 593
447 449
447 450
447 595
447 451
447 596
447 452
447 597
447 453
447 598
447 599
447 508
447 460
447 589
447 590
448 800
448 659
448 900
448 949
448 694
448 807
448 920
448 921
448 922
448 923
448 924
448 509
448 575
449 624
449 993
449 450
449 451
449 659
449 980
449 452
449 453
449 997
449 982
449 998
449 999
449 504
449 975
450 451
450 452
450 453
450 454
450 986
450 926
451 848
451 849
451 850
451 851
451 452
451 852
451 453
451 853
451 505
451 845
451 462
451 846
452 453
452 502
452 742
452 455
453 825
453 1002
453 507
453 461
454 455
454 456
454 968
454 969
454 458
454 970
454 459
454 971
454 684
454 460
454 972
454 605
454 461
454 973
454 974
454 462
455 787
455 788
455 789
455 790
455 791
455 456
455 792
455 793
455 458
455 794
455 459
455 795
455 460
455 461
455 493
455 462
456 816
456 532
456 919
456 458
456 938
456 459
456 460
456 813
456 461
456 462
457 981
457 534
457 711
457 583
457 823
457 684
457 733
457 813
458 608
458 609
458 610
458 612
458 613
458 614
458 615
458 474
458 459
458 460
458 461
458 462
458 607
459 928
459 488
459 460
459 461
459 462
460 868
460 869
460 870
460 871
460 872
460 873
460 874
460 461
460 462
460 591
461 531
461 939
461 462
462 574
462 847
462 527
463 976
463 464
463 977
463 465
463 834
463 466
463 979
463 467
463 468
463 981
463 469
463 470
463 681
463 953
463 972
463 750
464 465
464 466
464 467
464 756
464 468
464 869
464 469
464 662
464 470
464 970
464 957
465 466
465 595
465 467
465 468
465 469
465 470
465 968
465 779
465 811
466 704
466 867
466 467
466 468
466 469
466 470
466 969
466 986
466 988
466 638
467 737
467 882
467 468
467 469
467 470
467 650
467 939
467 940
467 941
467 942
468 674
468 469
468 726
468 470
468 843
468 974
469 849
469 966
469 470
469 793
469 605
469 575
470 804
470 646
470 859
470 971
471 640
471 770
471 612
471 982
471 472
471 473
471 762
471 475
471 476
471 477
471 478
471 831
471 479
472 610
472 820
472 757
472 473
472 475
472 667
472 476
472 477
472 749
472 478
472 479
473 576
473 577
473 578
473 579
473 580
473 586
473 475
473 476
473 477
473 573
473 478
473 574
473 479
474 531
474 532
474 756
474 533
474 757
474 758
474 488
474 760
474 761
474 762
474 586
474 763
474 764
474 493
474 511
474 527
475 689
475 870
475 615
475 760
475 778
475 476
475 477
475 478
475 479
476 1008
476 613
476 727
476 888
476 763
476 620
476 924
476 477
476 478
476 479
477 742
477 614
477 743
477 744
477 745
477 635
477 478
477 718
477 702
477 479
478 608
478 897
478 913
478 756
478 792
478 589
478 1022
478 479
478 1023
479 705
479 651
479 971
479 764
479 607
480 768
480 481
480 482
480 483
480 644
480 741
480 485
480 486
480 487
480 759
480 489
480 490
480 765
480 751
480 767
481 625
481 626
481 482
481 483
481 707
481 485
481 1014
481 486
481 1015
481 487
481 1016
481 1017
481 489
481 490
481 909
481 879
482 483
482 485
482 486
482 487
482 727
482 935
482 680
482 904
482 936
482 489
482 937
482 490
482 938
482 763
483 802
483 852
483 485
483 486
483 487
483 489
483 490
483 970
483 618
483 731
484 626
484 900
484 725
484 502
484 726
484 503
484 727
484 504
484 728
484 505
484 729
484 506
484 730
484 507
484 731
484 508
484 636
485 736
485 597
485 486
485 487
485 728
485 489
485 490
485 956
485 829
486 610
486 963
486 487
486 999
486 889
486 489
486 729
486 490
486 1004
486 782
487 928
487 726
487 664
487 489
487 490
487 795
487 812
488 531
488 532
488 533
488 1004
488 493
488 511
488 527
489 657
489 723
489 948
489 490
489 874
489 730
490 771
490 725
490 823
490 670
491 832
491 496
491 1009
491 497
491 498
491 787
491 499
491 500
491 501
491 758
491 649
491 891
491 492
491 494
491 495
492 496
492 497
492 498
492 499
492 500
492 693
492 501
492 710
492 742
492 614
492 695
492 696
492 697
492 698
492 699
492 494
492 495
493 832
493 833
493 834
493 531
493 532
493 533
493 710
493 602
493 619
493 828
493 829
493 830
493 831
493 511
493 527
494 496
494 497
494 881
494 834
494 498
494 499
494 980
494 500
494 933
494 501
494 794
494 668
494 797
494 958
494 495
495 688
495 992
495 496
495 497
495 994
495 850
495 498
495 995
495 499
495 996
495 500
495 501
495 790
495 728
495 829
495 989
495 991
496 721
496 497
496 498
496 499
496 500
496 821
496 501
496 631
496 792
496 828
497 816
497 593
497 498
497 499
497 500
497 501
497 854
497 791
497 855
497 856
497 748
497 844
498 786
498 914
498 499
498 500
498 789
498 501
498 841
498 666
498 831
499 643
499 788
499 500
499 501
499 871
499 700
499 830
500 501
500 1014
500 952
500 905
500 793
500 602
500 606
500 735
501 833
501 865
501 776
501 682
501 922
501 795
501 974
502 933
502 1014
502 503
502 504
502 505
502 506
502 507
502 508
503 800
503 656
503 657
503 504
503 505
503 649
503 650
503 506
503 651
503 507
503 652
503 508
503 653
503 654
503 655
504 659
504 917
504 584
504 505
504 506
504 507
504 508
504 927
505 915
505 809
505 506
505 1018
505 507
505 508
506 983
506 696
506 507
506 508
507 864
507 865
507 866
507 867
507 747
507 508
507 861
507 862
507 863
507 751
508 977
508 580
509 915
509 1012
509 534
509 887
509 857
509 746
509 747
509 636
509 606
510 512
510 513
510 993
510 514
510 515
510 516
510 517
510 677
510 518
510 519
510 780
510 894
510 990
511 1008
511 978
511 531
511 532
511 533
511 1000
511 698
511 988
511 1005
511 733
511 990
511 1007
511 527
512 752
512 848
512 513
512 514
512 515
512 516
512 612
512 517
512 982
512 518
512 519
512 988
513 514
513 978
513 515
513 980
513 516
513 837
513 517
513 518
513 519
513 794
513 654
514 672
514 515
514 516
514 517
514 694
514 518
514 519
514 873
514 698
514 975
515 592
515 864
515 516
515 517
515 757
515 518
515 519
515 999
515 1000
516 624
516 724
516 517
516 886
516 518
516 519
516 583
516 584
516 1007
517 884
517 518
517 998
517 519
517 777
517 686
518 1008
518 801
518 997
518 519
518 634
518 830
519 708
519 906
519 1005
519 622
519 927
520 528
520 529
520 530
520 675
520 725
520 822
520 824
520 809
520 521
520 825
520 522
520 826
520 827
520 523
520 524
520 525
520 670
520 526
520 847
521 528
521 609
521 529
521 530
521 522
521 523
521 524
521 669
521 525
521 798
521 1006
521 862
521 526
522 848
522 528
522 529
522 530
522 983
522 984
522 985
522 986
522 762
522 987
522 523
522 524
522 525
522 814
522 526
522 623
522 671
523 528
523 641
523 529
523 850
523 530
523 883
523 790
523 524
523 525
523 990
523 526
524 528
524 529
524 738
524 674
524 530
524 868
524 964
524 1018
524 637
524 525
524 846
524 526
525 656
525 528
525 673
525 529
525 530
525 755
525 852
525 901
525 998
525 921
525 526
526 896
526 528
526 529
526 530
526 691
526 851
526 955
526 667
526 701
527 672
527 673
527 674
527 531
527 532
527 533
527 667
527 668
527 669
527 670
527 671
528 849
528 529
528 594
528 530
528 600
528 601
528 602
528 603
528 604
528 605
528 574
529 672
529 530
529 598
529 951
529 839
529 845
530 931
530 660
530 932
530 933
530 853
530 934
530 775
530 668
530 893
531 960
531 532
531 932
531 533
531 925
531 989
531 1023
532 533
532 1015
532 808
532 813
533 962
533 835
533 963
533 964
533 965
533 966
533 967
533 844
534 960
534 625
534 835
534 774
534 859
534 619
534 766
535 544
535 993
535 536
535 537
535 633
535 761
535 538
535 842
535 539
535 540
535 541
535 989
535 973
535 542
535 543
536 544
536 928
536 833
536 865
536 929
536 930
536 537
536 538
536 539
536 540
536 685
536 717
536 541
536 542
536 543
536 927
537 544
537 661
537 538
537 539
537 540
537 541
537 845
537 542
537 766
537 543
537 751
538 544
538 867
538 730
538 539
538 875
538 540
538 541
538 542
538 590
538 543
539 544
539 739
539 645
539 890
539 540
539 541
539 542
539 863
539 543
539 1023
540 544
540 769
540 1010
540 866
540 962
540 1011
540 899
540 1012
540 1013
540 652
540 541
540 542
540 543
541 544
541 784
541 818
541 836
541 825
541 858
541 860
541 621
541 542
541 543
541 847
542 544
542 817
542 932
542 615
542 923
542 861
542 543
542 703
543 864
543 544
543 912
543 872
543 1000
543 1002
543 683
543 939
543 799
544 787
544 918
544 903
544 925
544 669
544 862
545 657
545 546
545 547
545 548
545 549
545 789
545 550
545 678
545 551
545 552
545 553
545 554
545 892
545 959
546 832
546 658
546 706
546 547
546 548
546 549
546 550
546 919
546 551
546 552
546 553
546 649
546 554
547 816
547 548
547 549
547 550
547 807
547 551
547 808
547 552
547 553
547 554
547 651
547 764
547 910
547 687
548 880
548 549
548 965
548 550
548 711
548 551
548 552
548 616
548 553
548 554
548 655
548 767
549 947
549 851
549 773
549 550
549 551
549 552
549 553
549 650
549 554
549 639
550 754
550 551
550 552
550 648
550 553
550 554
550 653
550 895
551 978
551 979
551 599
551 552
551 553
551 554
551 716
551 908
551 972
551 654
552 656
552 944
552 945
552 673
552 946
552 553
552 554
552 781
552 863
552 943
553 624
553 626
553 627
553 611
553 628
553 629
553 1015
553 554
553 588
553 591
554 740
554 613
554 840
554 938
554 652
555 560
555 561
555 562
555 563
555 709
555 965
555 710
555 712
555 696
555 713
555 714
555 715
555 556
555 557
555 558
555 655
555 559
556 560
556 561
556 562
556 563
556 819
556 707
556 772
556 966
556 557
556 558
556 1007
556 559
557 560
557 561
557 562
557 866
557 962
557 563
557 692
557 788
557 997
557 950
557 700
557 558
557 559
558 560
558 561
558 562
558 563
558 803
558 596
558 964
558 708
558 885
558 1018
558 1019
558 1020
558 1021
558 559
559 560
559 561
559 562
559 563
559 963
559 665
559 729
559 907
559 701
560 561
560 562
560 642
560 563
560 853
560 760
560 703
561 704
561 562
561 898
561 563
561 983
561 967
561 969
561 734
561 671
562 706
562 563
562 916
562 917
562 919
562 632
562 925
562 877
562 926
562 783
563 961
563 705
563 857
563 844
563 719
563 607
564 592
564 720
564 565
564 566
564 838
564 567
564 647
564 920
564 568
564 872
564 569
564 1001
564 570
564 1002
564 571
564 1003
564 1004
564 572
565 580
565 581
565 566
565 582
565 567
565 568
565 584
565 569
565 585
565 570
565 586
565 571
565 587
565 572
565 588
565 591
566 690
566 902
566 567
566 967
566 568
566 569
566 570
566 874
566 571
566 572
566 796
566 590
567 598
567 679
567 568
567 569
567 873
567 746
567 570
567 571
567 572
567 975
567 815
568 977
568 870
568 599
568 569
568 617
568 570
568 571
568 572
568 732
568 861
568 911
569 753
569 595
569 663
569 871
569 968
569 570
569 571
569 572
569 876
570 785
570 596
570 868
570 954
570 571
570 572
570 1005
570 653
570 846
571 608
571 869
571 731
571 828
571 572
571 589
572 593
572 805
572 806
572 630
572 791
572 808
572 809
572 810
573 576
573 577
573 578
573 835
573 579
573 580
573 837
573 838
573 582
573 966
573 839
573 840
573 841
573 842
573 843
573 574
574 576
574 577
574 849
574 578
574 579
574 580
574 581
574 847
575 849
575 694
575 966
575 807
575 920
575 921
575 793
575 922
575 923
575 924
575 606
576 577
576 578
576 994
576 579
576 580
576 712
576 604
577 578
577 579
577 580
577 856
577 600
577 984
577 585
578 579
578 916
578 580
578 1013
578 824
578 793
578 602
578 765
579 800
579 801
579 802
579 803
579 804
579 580
579 601
579 588
579 796
579 797
579 798
579 799
580 977
580 594
581 724
581 582
581 584
581 585
581 586
581 587
581 588
581 718
582 992
582 628
582 836
582 584
582 585
582 586
582 587
582 588
582 941
583 625
583 724
583 981
583 886
583 711
583 823
584 624
584 917
584 585
584 586
584 587
584 588
584 927
585 896
585 897
585 626
585 898
585 899
585 900
585 697
585 586
585 587
585 588
585 894
585 895
586 611
586 756
586 757
586 758
586 760
586 761
586 762
586 763
586 587
586 764
586 588
587 627
587 854
587 886
587 588
587 943
588 979
588 767
589 592
589 593
589 897
589 913
589 595
589 596
589 597
589 869
589 598
589 599
589 792
589 1022
589 590
589 1023
590 592
590 593
590 595
590 596
590 597
590 598
590 599
590 874
590 730
590 875
591 624
591 626
591 627
591 611
591 628
591 868
591 629
591 869
591 870
591 871
591 1016
591 872
591 873
591 874
592 864
592 593
592 595
592 596
592 597
592 757
592 598
592 599
592 872
593 816
593 595
593 596
593 597
593 598
593 854
593 599
593 855
593 856
593 748
593 844
594 996
594 600
594 601
594 937
594 602
594 603
594 604
594 605
595 596
595 597
595 598
595 599
595 871
595 937
595 779
595 811
596 803
596 868
596 597
596 885
596 598
596 599
596 1018
596 1019
596 1020
596 1021
597 736
597 996
597 598
597 599
597 956
597 829
598 951
598 599
598 839
598 873
599 977
599 978
599 870
599 716
599 908
599 972
600 601
600 602
600 603
600 604
600 940
600 605
600 1021
601 693
601 602
601 603
601 1003
601 604
601 605
602 832
602 833
602 834
602 710
602 793
602 603
602 828
602 604
602 829
602 605
602 830
602 831
603 1009
603 741
603 604
603 605
603 735
604 784
604 785
604 786
604 905
604 778
604 779
604 780
604 781
604 605
604 782
604 783
605 968
605 969
605 970
605 971
605 972
605 973
605 974
606 625
606 1012
606 952
606 857
606 905
606 746
606 735
607 608
607 961
607 609
607 610
607 612
607 613
607 614
607 615
607 855
607 857
607 764
607 719
608 609
608 610
608 756
608 612
608 613
608 614
608 615
608 731
608 828
609 610
609 612
609 613
609 758
609 614
609 615
609 798
609 1006
609 862
610 963
610 612
610 757
610 613
610 614
610 615
610 999
610 889
610 1001
610 782
611 624
611 626
611 627
611 931
611 628
611 629
611 855
611 1001
611 715
611 879
612 848
612 752
612 613
612 614
612 615
612 762
613 740
613 614
613 615
613 840
613 763
614 693
614 695
614 615
614 696
614 697
614 698
614 715
614 699
615 817
615 931
615 760
615 923
615 703
616 880
616 965
616 710
616 711
616 617
616 618
616 619
616 620
616 621
616 765
616 622
616 623
617 834
617 618
617 619
617 620
617 732
617 621
617 861
617 622
617 623
617 911
618 802
618 852
618 970
618 619
618 620
618 828
618 621
618 622
618 623
619 960
619 835
619 774
619 620
619 621
619 622
619 623
620 1008
620 1013
620 727
620 888
620 924
620 621
620 622
620 830
620 623
621 784
621 818
621 836
621 824
621 858
621 860
621 622
621 623
621 847
622 833
622 708
622 906
622 623
623 983
623 984
623 985
623 986
623 762
623 987
623 814
623 831
624 993
624 626
624 627
624 980
624 628
624 629
624 997
624 982
624 998
624 999
624 975
625 707
625 1014
625 1015
625 1016
625 1017
625 859
625 909
625 766
625 879
626 627
626 628
626 629
626 725
626 726
626 727
626 728
626 729
626 730
626 731
627 1010
627 628
627 805
627 629
627 886
627 1017
628 929
628 707
628 629
628 702
629 987
629 1022
629 942
630 805
630 725
630 806
630 631
630 791
630 856
630 808
630 632
630 809
630 633
630 810
630 634
630 635
630 636
630 637
630 638
630 639
631 897
631 721
631 821
631 632
631 633
631 634
631 635
631 731
631 636
631 637
631 638
631 639
632 916
632 917
632 919
632 633
632 634
632 635
632 636
632 925
632 637
632 877
632 926
632 638
632 783
632 639
633 993
633 728
633 761
633 634
633 842
633 635
633 636
633 637
633 973
633 894
633 638
633 639
634 801
634 899
634 727
634 635
634 636
634 637
634 830
634 638
634 639
635 742
635 743
635 744
635 697
635 745
635 636
635 637
635 718
635 638
635 702
635 639
636 915
636 900
636 887
636 747
636 637
636 638
636 639
637 738
637 868
637 964
637 726
637 1021
637 638
637 895
637 639
638 704
638 898
638 867
638 984
638 730
638 988
638 639
639 896
639 947
639 851
639 773
639 729
639 940
640 641
640 770
640 786
640 642
640 643
640 644
640 645
640 982
640 646
640 647
640 648
640 987
640 831
641 994
641 642
641 643
641 883
641 644
641 645
641 790
641 646
641 647
641 648
641 780
641 990
642 643
642 644
642 645
642 853
642 646
642 647
642 760
642 648
642 778
643 644
643 645
643 646
643 871
643 647
643 648
643 779
643 700
644 768
644 741
644 645
644 646
644 759
644 647
644 712
644 648
644 765
644 751
644 767
645 739
645 646
645 647
645 648
645 890
645 781
645 1022
646 784
646 804
646 647
646 648
646 859
647 720
647 838
647 920
647 648
647 1001
647 1002
647 1003
647 1004
647 782
647 942
648 785
648 754
648 895
649 656
649 1009
649 657
649 758
649 650
649 651
649 891
649 652
649 653
649 798
649 654
649 655
650 656
650 657
650 737
650 882
650 651
650 939
650 1003
650 652
650 940
650 653
650 941
650 654
650 942
650 799
650 655
651 656
651 657
651 705
651 804
651 971
651 652
651 653
651 654
651 655
652 656
652 769
652 801
652 657
652 1010
652 962
652 1011
652 899
652 1012
652 1013
652 653
652 654
652 655
653 656
653 657
653 785
653 803
653 954
653 1005
653 654
653 846
653 655
654 656
654 657
654 979
654 837
654 794
654 797
654 655
655 656
655 657
655 709
655 693
655 710
655 712
655 713
655 714
655 715
655 767
656 657
656 802
656 755
656 901
656 998
656 921
657 723
657 948
657 874
657 796
658 832
658 1009
658 706
658 659
658 660
658 917
658 661
658 662
658 663
658 664
658 665
658 666
659 800
659 660
659 900
659 949
659 661
659 662
659 663
659 664
659 665
659 666
660 931
660 980
660 932
660 661
660 933
660 934
660 662
660 775
660 663
660 664
660 665
660 666
660 893
661 741
661 662
661 663
661 664
661 665
661 666
661 845
661 766
661 975
662 756
662 869
662 998
662 663
662 664
662 665
662 666
662 957
663 753
663 997
663 664
663 968
663 665
663 666
663 876
664 665
664 666
664 795
664 812
664 927
665 999
665 729
665 666
665 907
666 786
666 914
666 982
666 841
667 672
667 673
667 674
667 820
667 668
667 749
667 669
667 670
667 671
668 672
668 673
668 881
668 674
668 980
668 797
668 669
668 958
668 670
668 671
669 672
669 673
669 674
669 787
669 918
669 903
669 670
669 671
670 672
670 673
670 674
670 771
670 823
670 847
670 671
671 672
671 673
671 898
671 674
671 969
671 734
672 673
672 674
672 694
672 873
672 718
673 944
673 945
673 946
673 674
673 781
673 943
673 863
674 726
674 843
675 676
675 836
675 725
675 677
675 822
675 678
675 679
675 680
675 824
675 681
675 825
675 682
675 826
675 827
675 683
676 722
676 835
676 677
676 678
676 679
676 680
676 681
676 682
676 683
676 878
677 992
677 678
677 679
677 680
677 681
677 682
677 842
677 683
677 780
677 894
678 789
678 679
678 680
678 681
678 841
678 682
678 683
678 892
678 959
679 839
679 680
679 681
679 682
679 746
679 683
679 702
679 975
679 815
680 935
680 840
680 904
680 936
680 681
680 937
680 682
680 938
680 683
680 763
681 976
681 977
681 834
681 979
681 981
681 837
681 953
681 682
681 683
681 750
682 865
682 929
682 776
682 922
682 683
682 843
682 974
683 912
683 838
683 872
683 1000
683 941
683 799
684 688
684 689
684 690
684 691
684 692
684 685
684 813
684 733
684 686
684 687
685 688
685 928
685 833
685 689
685 929
685 690
685 930
685 691
685 692
685 717
685 974
685 686
685 687
685 927
686 688
686 689
686 690
686 691
686 692
686 884
686 777
686 970
686 687
686 943
687 688
687 689
687 690
687 691
687 692
687 805
687 854
687 807
687 971
687 764
687 910
688 992
688 689
688 690
688 994
688 850
688 691
688 995
688 692
688 996
688 728
688 989
688 973
688 991
689 690
689 691
689 692
689 870
689 778
689 972
690 691
690 692
690 902
690 967
690 969
690 796
691 896
691 692
691 955
691 701
692 1010
692 866
692 788
692 997
692 950
692 968
693 695
693 696
693 745
693 697
693 698
693 699
693 1003
694 807
694 920
694 921
694 873
694 922
694 746
694 923
694 924
695 1016
695 696
695 873
695 697
695 714
695 698
695 699
695 860
696 983
696 697
696 698
696 699
696 702
697 896
697 897
697 898
697 899
697 900
697 698
697 699
697 894
697 895
698 1008
698 978
698 709
698 1000
698 699
698 988
698 1005
698 990
698 1007
699 712
699 744
699 826
699 1019
700 704
700 705
700 706
700 707
700 708
700 871
700 701
700 703
701 896
701 704
701 705
701 706
701 707
701 708
701 955
701 703
702 929
702 742
702 743
702 744
702 745
702 718
703 704
703 817
703 705
703 706
703 707
703 708
703 923
704 705
704 706
704 867
704 707
704 708
704 983
704 988
705 706
705 707
705 708
705 971
706 832
706 707
706 708
707 708
707 1014
707 1015
707 1016
707 1017
707 909
707 879
708 929
708 906
709 741
709 710
709 935
709 712
709 713
709 714
709 715
709 1006
710 832
710 833
710 834
710 712
710 713
710 714
710 715
710 828
710 829
710 765
710 830
710 831
711 880
711 981
711 965
711 823
711 766
712 994
712 713
712 714
712 715
713 912
713 913
713 914
713 915
713 714
713 715
713 909
713 910
713 911
714 768
714 944
714 715
715 880
715 931
715 759
715 855
715 1001
716 720
716 721
716 978
716 722
716 723
716 724
716 908
716 972
716 717
716 719
716 911
717 720
717 928
717 833
717 721
717 929
717 722
717 930
717 723
717 724
717 719
717 927
718 742
718 743
718 744
718 745
719 720
719 721
719 961
719 722
719 723
719 724
719 857
719 910
720 912
720 721
720 722
720 723
720 724
720 838
720 920
720 1001
720 1002
720 1003
720 1004
721 913
721 722
721 723
721 724
721 821
722 915
722 723
722 724
722 878
723 914
723 948
723 724
723 874
724 886
724 909
725 726
725 822
725 727
725 728
725 824
725 729
725 825
725 730
725 826
725 827
725 731
726 727
726 728
726 729
726 730
726 843
726 731
726 895
727 1008
727 899
727 888
727 728
727 729
727 730
727 731
727 924
728 992
728 994
728 850
728 995
728 996
728 729
728 730
728 731
728 989
728 894
728 991
729 896
729 730
729 907
729 731
730 898
730 875
730 731
731 897
731 828
732 736
732 737
732 738
732 978
732 739
732 740
732 861
732 733
732 734
732 911
732 735
733 736
733 737
733 738
733 739
733 740
733 813
733 734
733 735
734 736
734 737
734 738
734 898
734 739
734 740
734 969
734 988
734 735
735 736
735 737
735 738
735 739
735 740
735 952
735 905
735 1007
736 737
736 738
736 739
736 740
736 956
736 829
736 990
737 738
737 882
737 739
737 740
737 1000
737 939
737 940
737 941
737 942
738 739
738 740
738 868
738 964
738 1005
739 740
739 890
740 1008
740 935
740 840
741 768
741 1009
741 759
741 765
741 751
741 767
742 743
742 744
742 745
743 960
743 961
743 744
743 745
743 954
743 955
743 956
743 957
743 958
743 959
744 901
744 902
744 903
744 904
744 745
744 905
744 906
744 907
744 908
745 818
745 934
745 815
746 1012
746 857
746 766
746 975
746 815
747 752
747 960
747 753
747 754
747 915
747 755
747 887
747 748
747 749
747 750
748 752
748 816
748 753
748 961
748 754
748 755
748 854
748 855
748 856
748 844
748 749
748 750
749 864
749 752
749 753
749 754
749 755
749 820
749 955
749 750
750 976
750 752
750 977
750 753
750 834
750 754
750 979
750 755
750 981
750 953
750 861
750 958
751 768
751 864
751 865
751 866
751 867
751 759
751 861
751 765
751 862
751 863
751 767
752 848
752 753
752 754
752 867
752 755
752 959
753 866
753 754
753 755
753 968
753 876
754 865
754 755
754 954
754 895
755 901
755 998
755 921
755 957
755 863
756 869
756 757
756 758
756 760
756 761
756 762
756 763
756 764
756 957
757 864
757 758
757 760
757 761
757 1001
757 762
757 763
757 764
758 1009
758 760
758 761
758 762
758 891
758 763
758 764
759 768
759 880
759 995
759 810
759 765
759 767
760 931
760 853
760 761
760 762
760 763
760 764
761 993
761 995
761 842
761 762
761 763
761 764
761 973
762 983
762 984
762 985
762 986
762 987
762 763
762 764
762 814
763 935
763 904
763 936
763 937
763 938
763 764
764 807
764 855
764 810
764 910
765 768
765 916
765 1013
765 824
765 767
766 859
766 845
767 768
767 979
768 930
768 985
769 770
769 1010
769 962
769 771
769 1011
769 899
769 772
769 1012
769 773
769 1013
769 774
769 775
769 776
769 777
770 771
770 772
770 773
770 774
770 982
770 775
770 776
770 777
770 985
770 831
771 772
771 773
771 774
771 775
771 823
771 776
771 777
771 860
772 819
772 773
772 774
772 775
772 776
772 1016
772 777
772 1007
773 851
773 947
773 774
773 775
773 776
773 777
774 960
774 835
774 775
774 776
774 777
775 931
775 932
775 933
775 934
775 776
775 777
775 893
776 865
776 930
776 777
776 922
776 974
777 944
777 884
778 784
778 785
778 786
778 870
778 779
778 908
778 780
778 781
778 782
778 783
779 784
779 785
779 786
779 904
779 811
779 780
779 781
779 782
779 783
780 784
780 785
780 786
780 994
780 781
780 894
780 782
780 783
781 784
781 944
781 945
781 785
781 946
781 786
781 901
781 782
781 863
781 783
781 943
782 784
782 785
782 786
782 963
782 999
782 889
782 907
782 783
783 784
783 785
783 786
783 916
783 917
783 919
783 903
783 925
783 877
783 926
784 785
784 786
784 818
784 836
784 858
784 826
784 860
784 847
785 786
785 954
785 906
785 1019
785 1005
785 846
786 914
786 902
786 841
787 832
787 916
787 788
787 789
787 918
787 790
787 903
787 791
787 792
787 793
787 794
787 795
788 866
788 1013
788 789
788 997
788 950
788 790
788 791
788 792
788 793
788 794
788 795
788 830
789 790
789 791
789 792
789 793
789 794
789 795
789 892
789 831
789 959
790 883
790 791
790 792
790 793
790 794
790 795
790 829
790 990
791 805
791 806
791 808
791 792
791 824
791 809
791 793
791 810
791 794
791 795
792 897
792 913
792 793
792 794
792 795
792 828
792 1022
792 1023
793 849
793 966
793 794
793 795
794 834
794 837
794 795
795 833
795 812
796 800
796 801
796 802
796 803
796 804
796 902
796 967
796 797
796 798
796 799
797 800
797 801
797 881
797 802
797 979
797 803
797 980
797 804
797 934
797 798
797 958
797 799
798 800
798 801
798 802
798 803
798 804
798 1006
798 862
798 799
799 800
799 912
799 801
799 802
799 803
799 804
799 872
799 1000
799 1003
800 801
800 802
800 803
800 804
800 900
800 949
801 802
801 803
801 804
801 830
802 803
802 804
802 852
802 970
803 804
803 885
803 1018
803 1019
803 1020
803 1021
804 818
804 859
805 1010
805 806
805 822
805 854
805 808
805 809
805 810
806 976
806 808
806 809
806 810
806 826
807 920
807 857
807 921
807 922
807 923
807 924
807 910
808 816
808 1015
808 809
808 810
809 810
809 1018
809 910
810 995
810 855
810 827
811 817
811 819
811 820
811 821
811 938
811 812
811 813
811 814
811 815
812 817
812 819
812 820
812 821
812 813
812 814
812 815
813 817
813 819
813 820
813 821
813 814
813 815
814 817
814 819
814 820
814 821
814 983
814 984
814 985
814 986
814 987
814 815
815 817
815 819
815 820
815 821
815 975
816 854
816 919
816 855
816 856
816 938
816 844
817 819
817 820
817 821
817 934
817 923
818 836
818 934
818 858
818 860
818 847
819 820
819 821
819 1015
819 1007
820 821
822 824
822 1017
822 825
822 826
822 827
823 981
823 859
824 916
824 1013
824 825
824 826
824 827
825 1002
825 826
825 827
826 827
826 1019
827 945
827 858
828 832
828 833
828 834
828 829
828 830
828 831
829 832
829 833
829 834
829 956
829 830
829 831
830 832
830 833
830 834
830 1013
830 831
831 832
831 833
831 834
831 982
832 833
832 834
832 916
833 928
833 929
833 834
833 930
833 927
834 976
834 977
834 979
834 981
834 953
835 960
835 837
835 838
835 839
835 840
835 841
835 842
835 843
836 992
836 858
836 860
836 941
836 847
837 838
837 839
837 840
837 841
837 842
837 843
838 963
838 839
838 920
838 840
838 841
838 1001
838 842
838 1002
838 843
838 1003
838 1004
838 941
839 965
839 951
839 840
839 841
839 842
839 843
840 962
840 841
840 842
840 843
841 914
841 967
841 842
841 843
842 992
842 993
842 843
842 973
843 964
844 962
844 963
844 964
844 965
844 966
844 854
844 855
844 967
844 856
845 848
845 849
845 850
845 851
845 852
845 853
845 846
846 848
846 849
846 850
846 851
846 852
846 853
846 954
846 1018
846 1005
847 858
847 860
848 849
848 850
848 851
848 852
848 853
849 850
849 851
849 852
849 853
849 966
850 992
850 994
850 995
850 851
850 996
850 852
850 853
850 989
850 991
851 947
851 852
851 853
852 853
852 970
854 855
854 856
854 943
855 931
855 856
855 1001
856 984
857 961
857 1012
857 859
858 947
858 948
858 949
858 950
858 951
858 952
858 953
858 860
860 1016
861 864
861 865
861 866
861 867
861 862
861 863
861 911
862 864
862 865
862 866
862 867
862 1006
862 863
863 864
863 944
863 945
863 865
863 946
863 866
863 867
863 943
864 865
864 866
864 867
864 1002
865 866
865 867
865 922
865 974
866 867
866 997
866 950
867 988
868 964
868 869
868 870
868 871
868 872
868 873
868 874
869 870
869 871
869 872
869 873
869 874
869 957
870 871
870 872
870 873
870 874
871 872
871 873
871 874
872 912
872 1000
872 873
872 874
873 874
874 948
875 880
875 881
875 882
875 883
875 948
875 884
875 876
875 877
875 878
875 879
876 880
876 881
876 882
876 883
876 884
876 950
876 968
876 877
876 878
876 879
877 880
877 881
877 882
877 883
877 916
877 884
877 917
877 919
877 925
877 926
877 878
877 879
878 880
878 881
878 882
878 883
878 884
878 949
878 879
879 880
879 881
879 882
879 883
879 884
879 1014
879 1015
879 952
879 1016
879 1017
879 909
880 881
880 882
880 883
880 884
880 965
880 951
881 882
881 931
881 883
881 980
881 884
881 953
881 958
882 947
882 883
882 884
882 1001
882 939
882 940
882 941
882 942
883 995
883 884
883 990
884 945
885 886
885 887
885 888
885 889
885 890
885 1018
885 891
885 1019
885 892
885 1020
885 893
885 1021
886 887
886 888
886 889
886 1017
886 890
886 891
886 892
886 893
887 915
887 888
887 889
887 890
887 891
887 892
887 893
888 1008
888 1010
888 889
888 890
888 891
888 892
888 924
888 893
889 963
889 999
889 890
889 891
889 892
889 893
890 891
890 892
890 893
890 943
891 1009
891 892
891 893
892 893
892 959
893 931
893 932
893 933
893 934
894 896
894 897
894 898
894 899
894 900
894 895
895 896
895 897
895 898
895 899
895 900
896 897
896 898
896 899
896 900
896 955
897 913
897 898
897 899
897 900
897 1022
897 1023
898 899
898 900
898 984
898 969
899 1010
899 962
899 1011
899 1012
899 900
899 1013
900 949
901 902
901 998
901 903
901 904
901 921
901 905
901 906
901 907
901 908
902 903
902 967
902 904
902 905
902 906
902 907
902 908
903 918
903 904
903 905
903 906
903 907
903 908
904 935
904 936
904 905
904 937
904 906
904 938
904 907
904 908
905 952
905 906
905 907
905 908
906 1019
906 907
906 908
907 908
908 976
908 978
908 972
909 912
909 913
909 914
909 915
909 1014
909 1015
909 1016
909 1017
909 910
909 911
910 912
910 913
910 914
910 915
910 911
911 912
911 913
911 914
911 915
912 913
912 914
912 915
912 1000
913 914
913 915
913 1022
913 1023
914 915
916 917
916 1013
916 919
916 925
916 926
917 919
917 925
917 926
917 927
918 991
919 938
919 925
919 926
920 921
920 1001
920 922
920 1002
920 923
920 1003
920 1004
920 924
921 998
921 922
921 923
921 924
922 923
922 924
922 974
923 924
924 1008
924 1012
925 932
925 989
925 926
925 1023
926 986
927 928
927 929
927 930
928 929
928 930
929 930
930 985
931 932
931 933
931 934
931 1001
932 933
932 934
932 989
932 958
932 1023
933 934
933 1014
935 1008
935 936
935 937
935 938
935 1006
936 937
936 938
936 1020
937 996
937 938
939 1002
939 940
939 941
939 942
940 1004
940 1021
940 941
940 942
941 992
941 942
942 987
942 1022
943 944
943 945
943 946
944 945
944 946
945 946
947 948
947 949
947 950
947 951
947 952
947 953
948 949
948 950
948 951
948 952
948 953
949 950
949 951
949 952
949 953
950 997
950 951
950 952
950 953
951 952
951 953
952 953
953 976
953 977
953 979
953 981
954 960
954 961
954 955
954 956
954 1020
954 1005
954 957
954 958
954 959
955 960
955 961
955 956
955 957
955 958
955 959
956 960
956 961
956 957
956 989
956 958
956 959
957 960
957 961
957 958
957 959
957 1023
958 960
958 961
958 980
958 959
959 960
959 961
960 961
962 1010
962 1011
962 963
962 1012
962 964
962 1013
962 965
962 966
962 967
963 964
963 965
963 966
963 967
963 999
964 965
964 966
964 967
965 966
965 967
966 967
968 969
968 970
968 971
968 972
968 973
968 974
969 986
969 970
969 971
969 972
969 973
969 974
970 971
970 972
970 973
970 974
971 972
971 973
971 974
972 978
972 973
972 974
973 993
973 974
975 993
975 980
975 997
975 982
975 998
975 999
976 977
976 979
976 981
977 979
977 981
978 1008
978 1000
978 988
978 1005
978 990
978 1007
979 981
980 993
980 997
980 982
980 998
980 999
982 993
982 997
982 998
982 999
983 984
983 985
983 986
983 987
984 985
984 986
984 987
985 986
985 987
986 987
987 1022
988 1008
988 1000
988 1005
988 990
988 1007
989 992
989 994
989 995
989 996
989 991
989 1023
990 1008
990 1000
990 1005
990 1007
991 992
991 994
991 995
991 996
992 994
992 995
992 996
993 997
993 998
993 999
994 995
994 996
995 996
997 998
997 999
998 999
1000 1008
1000 1005
1000 1007
1001 1002
1001 1003
1001 1004
1002 1003
1002 1004
1003 1004
1005 1008
1005 1007
1006 1009
1007 1008
1010 1011
1010 1012
1010 1013
1011 1012
1011 1013
1012 1013
1014 1015
1014 1016
1014 1017
1015 1016
1015 1017
1016 1017
1018 1019
1018 1020
1018 1021
1019 1020
1019 1021
1020 1021
1022 1023
