0 1
0 2
0 3
0 4
0 5
0 6
1 2
1 4
1 5
1 7
1 8
2 4
2 5
2 9
2 10
3 11
3 12
3 13
3 14
3 15
4 16
4 17
4 5
5 18
5 19
6 20
6 21
6 22
6 23
6 24
7 25
7 26
7 27
7 28
7 29
8 32
8 33
8 34
8 30
8 31
9 35
9 36
9 37
9 38
9 39
10 40
10 41
10 42
10 43
10 44
11 12
11 13
11 45
11 46
11 15
12 26
12 13
12 15
12 47
13 48
13 49
13 15
14 50
14 51
14 52
14 53
14 22
15 54
15 39
16 54
16 55
16 56
16 57
16 58
17 59
17 60
17 61
17 62
17 46
18 64
18 65
18 66
18 67
18 63
19 68
19 69
19 70
19 71
19 72
20 68
20 21
20 23
20 24
20 73
21 23
21 24
21 74
21 75
22 76
22 77
22 78
22 79
23 80
23 36
23 24
24 44
24 62
25 81
25 72
25 26
25 27
25 29
26 82
26 27
26 29
27 83
27 84
27 29
28 32
28 85
28 86
28 87
28 88
29 65
29 44
30 33
30 34
30 89
30 59
30 31
31 33
31 34
31 90
31 91
32 80
32 92
32 93
32 94
33 34
33 41
33 76
34 39
34 71
35 36
35 52
35 84
35 37
35 39
36 37
36 39
36 95
37 39
37 78
37 63
38 96
38 97
38 73
38 91
38 43
40 49
40 87
40 41
40 42
40 44
41 98
41 42
41 44
42 55
42 44
42 94
43 99
43 89
43 75
45 64
45 83
46 97
46 59
46 60
46 62
47 61
47 95
48 81
48 87
48 56
49 84
49 90
49 74
50 96
50 51
50 52
50 53
51 52
51 53
51 59
52 83
52 53
53 67
54 71
54 55
54 57
54 58
55 57
55 58
56 81
56 61
57 74
57 58
58 67
58 88
59 60
59 62
60 62
60 79
61 95
62 65
63 65
63 66
63 67
64 83
64 70
65 66
65 67
66 67
66 90
68 69
68 85
68 71
68 72
69 71
69 72
69 92
70 98
70 82
71 72
73 96
73 97
73 91
74 84
74 90
75 99
75 89
76 77
76 78
76 79
77 99
77 78
77 79
78 79
79 92
80 92
80 93
80 94
82 98
84 90
85 86
85 87
85 88
86 99
86 87
86 88
87 88
89 99
91 96
91 97
92 93
92 94
93 96
93 94
96 97
