0 96
0 48
0 80
0 115
0 72
0 24
0 57
0 44
1 97
1 49
1 86
1 118
1 73
1 25
1 61
1 45
2 64
2 114
2 35
2 51
2 87
2 9
2 94
2 95
3 66
3 99
3 51
3 74
3 75
3 107
3 27
3 47
4 112
4 65
4 84
4 71
4 91
4 29
4 14
4 79
5 83
5 68
5 100
5 55
5 88
5 41
5 58
5 13
6 17
6 66
6 117
6 102
6 54
6 56
6 30
6 78
7 113
7 52
7 103
7 55
7 40
7 77
7 31
7 79
8 48
8 18
8 69
8 89
8 105
8 43
8 92
8 78
9 32
9 64
9 67
9 116
9 87
9 72
9 94
10 34
10 82
10 35
10 20
10 85
10 106
10 58
10 77
11 98
11 116
11 53
11 71
11 90
11 106
11 27
11 61
12 19
12 36
12 52
12 84
12 119
12 60
12 108
12 62
13 83
13 68
13 117
13 38
13 70
13 73
13 58
14 49
14 84
14 71
14 91
14 93
14 109
14 46
15 112
15 50
15 22
15 39
15 87
15 57
15 63
15 111
16 81
16 53
16 39
16 103
16 89
16 74
16 28
16 46
17 64
17 66
17 101
17 117
17 56
17 76
17 31
18 69
18 119
18 89
18 26
18 75
18 59
18 78
19 81
19 68
19 52
19 119
19 104
19 24
19 62
20 96
20 33
20 35
20 85
20 56
20 91
20 77
21 80
21 97
21 37
21 41
21 90
21 30
21 62
21 94
22 112
22 50
22 69
22 85
22 25
22 57
22 110
23 50
23 99
23 83
23 36
23 86
23 42
23 43
23 76
24 96
24 48
24 81
24 68
24 72
24 104
25 97
25 49
25 69
25 85
25 73
25 110
26 33
26 118
26 119
26 88
26 75
26 59
26 111
27 98
27 99
27 51
27 71
27 90
27 75
28 115
28 53
28 38
28 103
28 89
28 108
28 95
29 112
29 65
29 82
29 37
29 107
29 92
29 79
30 80
30 102
30 54
30 41
30 90
30 78
31 64
31 101
31 103
31 55
31 76
31 79
32 113
32 67
32 116
32 102
32 72
32 42
32 93
33 96
33 118
33 56
33 88
33 91
33 111
34 82
34 101
34 106
34 58
34 59
34 44
34 109
35 114
35 51
35 85
35 77
35 95
36 84
36 86
36 43
36 60
36 76
36 108
37 97
37 82
37 107
37 92
37 62
37 94
38 115
38 117
38 70
38 73
38 108
38 95
39 81
39 87
39 74
39 46
39 63
39 111
40 113
40 98
40 52
40 70
40 105
40 77
40 63
41 80
41 100
41 55
41 88
41 90
42 113
42 50
42 99
42 83
42 102
42 93
43 48
43 86
43 105
43 92
43 76
44 80
44 115
44 101
44 57
44 59
44 109
45 65
45 114
45 54
45 86
45 118
45 104
45 61
46 49
46 81
46 74
46 93
46 109
47 66
47 67
47 100
47 74
47 107
47 60
47 110
48 96
48 72
48 105
48 92
49 97
49 73
49 93
49 109
50 112
50 99
50 83
50 57
51 114
51 99
51 75
51 95
52 113
52 119
52 77
52 62
53 116
53 103
53 89
53 106
53 61
54 65
54 114
54 102
54 104
54 78
55 100
55 103
55 88
55 79
56 96
56 66
56 117
56 91
57 80
57 112
57 115
58 82
58 83
58 68
58 106
59 101
59 119
59 75
59 109
60 67
60 100
60 84
60 108
60 110
61 116
61 86
61 118
61 106
62 97
62 119
62 94
63 98
63 70
63 87
63 105
63 111
64 101
64 87
64 76
64 94
65 112
65 114
65 104
65 79
66 117
66 74
66 107
67 100
67 116
67 72
67 110
68 81
68 83
68 104
69 85
69 89
69 78
69 110
70 98
70 117
70 73
70 105
71 98
71 84
71 90
71 91
72 96
72 116
73 97
73 117
74 81
74 107
75 99
75 119
76 101
76 86
77 113
77 85
78 102
78 89
79 112
79 103
80 115
80 90
81 104
82 106
82 107
82 92
83 99
84 91
84 108
85 110
86 118
87 94
87 111
88 100
88 118
88 111
89 103
90 98
91 96
92 105
92 107
93 113
93 102
93 109
94 97
95 114
95 115
95 108
98 105
100 110
101 109
102 113
104 114
106 116
108 115
111 118
