0 1200
0 1217
0 1187
0 1080
1 96
1 865
1 601
1 841
2 722
2 962
2 350
2 751
3 1299
3 1203
3 1097
3 1083
4 1300
4 1301
4 1085
4 1214
5 1299
5 1204
5 1205
5 1085
6 69
6 405
6 486
6 366
7 625
7 1174
7 607
7 847
8 609
8 954
8 955
8 862
9 848
9 609
9 849
9 1174
10 161
10 130
10 563
10 250
11 112
11 731
11 971
11 991
12 944
12 458
12 748
12 973
13 112
13 732
13 733
13 973
14 1187
14 1094
14 1084
14 1214
15 944
15 884
15 55
15 296
16 1014
16 698
16 43
16 60
17 1265
17 1203
17 1080
17 1150
18 258
18 147
18 85
18 138
19 499
19 666
19 379
19 525
20 402
20 501
20 106
20 702
21 501
21 666
21 380
21 381
22 96
22 608
22 622
22 862
23 992
23 433
23 1301
23 30
24 36
24 1109
24 72
24 220
25 601
25 922
25 686
25 847
26 146
26 85
26 281
26 266
27 160
27 258
27 597
27 118
28 748
28 988
28 972
28 350
29 80
29 81
29 597
29 1224
30 598
30 315
30 317
31 1057
31 962
31 731
31 813
32 436
32 743
32 923
32 239
33 921
33 90
33 458
33 350
34 920
34 953
34 332
34 813
35 921
35 73
35 91
35 813
36 1159
36 476
36 1165
37 1177
37 75
37 95
37 111
38 352
38 584
38 1049
38 77
39 1048
39 1032
39 1177
39 77
40 160
40 563
40 280
40 267
41 146
41 596
41 119
41 250
42 402
42 500
42 69
42 522
43 1126
43 183
43 955
44 834
44 50
44 615
44 59
45 486
45 105
45 379
45 703
46 470
46 1243
46 573
46 1295
47 1187
47 1300
47 61
47 415
48 656
48 1024
48 1265
48 450
49 1265
49 62
49 415
49 63
50 212
50 712
50 937
51 68
51 89
51 780
51 670
52 1138
52 54
52 219
52 221
53 1137
53 1139
53 54
53 670
54 736
54 703
55 705
55 529
55 527
56 466
56 1266
56 135
56 888
57 113
57 563
57 1253
57 118
58 1252
58 119
58 1287
58 79
59 1253
59 119
59 588
60 1011
60 1029
60 942
61 1316
61 84
61 316
62 565
62 1317
62 351
63 1316
63 283
63 109
64 768
64 471
64 238
64 1038
65 194
65 1128
65 1097
65 1129
66 928
66 1136
66 859
66 861
67 944
67 1188
67 919
67 90
68 674
68 1193
68 477
69 931
69 780
70 1217
70 891
70 893
70 558
71 229
71 1049
71 698
71 76
72 674
72 759
72 106
73 822
73 503
73 78
74 912
74 305
74 107
74 908
75 96
75 150
75 954
76 512
76 181
76 922
77 150
77 922
78 784
78 699
78 430
79 1236
79 566
79 667
80 835
80 214
80 634
81 566
81 633
81 635
82 625
82 676
82 677
82 828
83 400
83 417
83 370
83 632
84 451
84 692
84 1301
85 1236
85 422
86 865
86 439
86 441
86 349
87 1138
87 88
87 220
87 815
88 759
88 105
88 666
89 758
89 791
89 106
90 528
90 822
91 564
91 823
91 669
92 465
92 290
92 154
92 924
93 994
93 995
93 406
93 991
94 320
94 1189
94 1207
94 1209
95 1126
95 1047
95 943
96 708
97 1237
97 1239
97 650
97 751
98 513
98 856
98 492
98 911
99 292
99 918
99 1083
99 1085
100 327
100 1127
100 264
100 1084
101 292
101 1164
101 1084
101 1103
102 660
102 1033
102 1050
102 860
103 885
103 695
103 1051
103 894
104 612
104 615
104 667
104 398
105 572
105 895
106 536
107 1200
107 1214
107 1247
108 1042
108 419
108 1267
108 936
109 311
109 1294
109 206
110 148
110 153
110 122
110 526
111 544
111 182
111 955
112 890
112 158
113 834
113 1268
113 634
114 608
114 1073
114 675
114 1004
115 1040
115 608
115 643
115 711
116 401
116 516
116 1141
116 1143
117 387
117 548
117 389
117 1142
118 304
118 390
119 272
120 960
120 1080
120 1097
120 1067
121 241
121 216
121 361
121 265
122 482
122 1202
122 1231
123 977
123 963
123 1083
123 1179
124 965
124 1094
124 1180
124 1181
125 965
125 1179
125 1084
125 1085
126 726
126 189
126 765
126 846
127 385
127 247
127 1054
127 367
128 369
128 354
128 355
128 262
129 369
129 248
129 249
129 1054
130 641
130 610
130 923
131 232
131 1211
131 491
131 511
132 818
132 344
132 1228
132 493
133 232
133 1212
133 1213
133 493
134 964
134 1094
134 1067
134 974
135 344
135 284
135 175
136 163
136 180
136 534
136 458
137 960
137 1030
137 1145
137 1083
138 627
138 618
138 205
139 739
139 885
139 426
139 859
140 226
140 762
140 861
140 462
141 740
141 741
141 426
141 861
142 368
142 262
142 216
142 382
143 512
143 150
143 793
143 1181
144 192
144 156
144 700
144 989
145 322
145 247
145 361
145 446
146 626
146 205
147 640
147 957
147 238
148 508
148 1228
148 492
149 1104
149 200
149 201
149 957
150 958
151 577
151 482
151 1211
151 1293
152 323
152 1223
152 796
152 719
153 321
153 210
153 818
154 320
154 353
154 1293
155 193
155 321
155 211
155 1293
156 836
156 1045
156 1039
157 1057
157 195
157 215
157 231
158 944
158 197
158 569
159 1057
159 197
159 568
159 552
160 640
160 923
161 626
161 956
161 239
162 882
162 762
162 860
162 189
163 355
163 663
163 1006
164 1314
164 179
164 375
164 170
165 225
165 739
165 846
165 463
166 1123
166 933
166 1175
166 830
167 181
167 775
167 1067
167 1180
168 416
168 544
168 1145
168 810
169 182
169 183
169 775
169 1145
170 337
170 692
170 472
171 209
171 188
171 1260
171 430
172 1018
172 699
172 701
172 174
173 1017
173 1019
173 430
173 174
174 1216
174 463
175 465
175 887
175 889
176 288
176 615
176 1146
176 826
177 233
177 923
177 1133
177 238
178 199
178 1132
178 239
178 1167
179 948
179 1133
179 239
180 531
180 549
180 342
181 1196
181 204
182 925
182 1197
183 229
183 1196
184 1248
184 718
184 558
184 831
185 1008
185 977
185 1009
185 674
186 259
186 261
186 328
186 1016
187 210
187 344
187 1068
187 319
188 1073
188 434
188 837
189 331
189 1260
190 291
190 293
190 918
190 1097
191 196
191 709
191 569
191 458
192 226
192 434
192 1239
193 1302
193 198
193 863
194 227
194 308
194 312
195 354
195 630
195 216
196 322
196 661
196 872
197 322
197 630
198 1264
198 790
198 459
199 427
199 1116
199 926
200 1315
200 694
200 394
201 393
201 395
201 926
202 385
202 436
202 437
202 1308
203 392
203 760
203 777
203 730
204 452
204 811
204 1181
205 1116
205 782
206 801
206 265
206 799
207 208
207 1018
207 700
207 1295
208 225
208 1239
208 426
209 226
209 1238
209 1271
210 1302
210 888
211 1303
211 924
211 429
212 324
212 825
212 634
213 514
213 515
213 766
213 511
214 1089
214 1069
214 1087
215 567
215 343
215 1006
216 468
217 410
217 1117
217 1231
217 1119
218 256
218 852
218 311
218 873
219 963
219 965
219 318
220 964
220 1007
221 1044
221 964
221 983
222 420
222 260
222 553
222 570
223 294
223 455
223 571
223 285
224 372
224 758
224 375
224 427
225 932
225 295
226 896
227 1094
227 1127
227 1080
228 336
228 562
228 779
228 1147
229 1174
229 686
230 628
230 886
230 633
230 602
231 355
231 662
231 904
232 290
232 638
233 1314
233 394
233 1148
234 368
234 593
234 435
234 524
235 368
235 560
235 403
235 471
236 761
236 876
236 1021
236 1023
237 747
237 908
237 749
237 1022
238 750
240 720
240 1200
240 737
240 1307
241 336
241 481
241 505
242 950
242 391
242 362
242 1082
243 1217
243 723
243 819
243 1203
244 820
244 821
244 1205
244 734
245 819
245 724
245 725
245 1205
246 309
246 645
246 966
246 606
247 487
247 1294
248 594
248 595
248 502
249 488
249 489
249 1294
250 850
250 1043
251 352
251 371
251 1091
251 1111
252 388
252 1093
252 584
252 698
253 352
253 372
253 1093
253 373
254 1204
254 1307
254 1214
254 734
255 896
255 295
255 584
255 524
256 283
256 300
256 1134
257 1200
257 785
257 723
257 1270
258 325
258 858
259 979
259 619
259 1005
260 642
260 981
260 346
261 981
261 620
261 621
262 336
262 502
263 673
263 821
263 1112
263 270
264 276
264 312
264 1229
265 562
265 487
266 881
266 866
266 325
267 1077
267 358
267 858
268 1092
268 388
268 1108
268 950
269 320
269 321
269 1077
269 744
270 915
270 917
270 1078
271 371
271 453
271 1177
271 1082
272 563
272 676
272 383
273 561
273 950
273 330
273 698
274 560
274 593
274 932
274 453
275 561
275 453
275 313
275 331
276 1285
276 716
276 1279
277 1297
277 315
277 335
277 351
278 1169
278 1064
278 952
278 317
279 1152
279 1168
279 1297
279 317
280 880
280 1043
280 867
281 850
281 1076
281 359
282 642
282 980
282 309
282 1002
283 595
283 1246
284 290
284 474
284 299
285 966
285 345
285 619
286 710
286 763
286 1053
286 815
287 820
287 1307
287 301
287 655
288 785
288 690
288 1144
289 785
289 302
289 655
289 303
290 577
291 420
291 308
291 329
292 294
292 1258
293 294
293 1257
293 1259
294 376
295 1009
295 1007
296 528
296 786
296 706
297 353
297 1043
297 773
297 358
298 772
298 359
298 807
298 319
299 773
299 359
299 1068
300 582
300 1131
300 1149
301 916
301 836
301 324
302 837
302 1045
302 951
303 883
303 836
303 349
304 1158
304 711
304 408
305 1248
305 1217
305 1249
306 499
306 501
306 568
306 1256
307 584
307 330
307 1308
307 559
308 1313
308 717
309 420
309 571
310 737
310 531
310 533
310 1038
311 1169
311 316
312 346
312 399
313 983
313 462
313 318
314 548
314 552
314 905
314 347
315 336
315 594
316 992
316 562
317 562
318 424
318 670
319 756
319 1046
320 475
321 1046
322 468
323 640
323 657
323 610
324 691
324 821
325 756
325 662
326 949
326 679
326 681
326 505
327 455
327 328
327 1258
328 345
328 399
329 346
329 398
329 431
330 1008
330 462
331 1044
331 463
332 705
332 564
332 890
333 646
333 1111
333 1114
333 1115
334 727
334 920
334 729
334 1309
335 583
335 1246
335 1167
337 757
337 391
337 759
338 496
338 993
338 551
338 972
339 1203
339 1205
339 892
339 558
340 864
340 1204
340 1247
340 927
341 1284
341 1204
341 1223
341 892
342 1153
342 1170
342 500
343 1171
343 534
343 525
344 638
345 535
345 1052
346 1016
347 720
347 734
347 767
348 576
348 659
348 787
348 1162
349 814
349 911
350 1006
351 1024
351 595
352 530
353 788
353 474
354 1124
354 1193
355 1160
356 641
356 996
356 1261
356 1263
357 627
357 1028
357 629
357 1262
358 630
358 904
359 872
360 480
360 497
360 947
360 840
361 1201
361 456
362 962
362 710
362 991
363 483
363 579
363 857
363 843
364 580
364 581
364 845
364 494
365 579
365 484
365 485
365 845
366 1125
366 429
366 1086
367 934
367 1207
367 1225
368 1209
369 934
369 1209
370 610
370 761
370 730
371 472
371 971
372 1178
372 988
373 472
373 972
373 973
374 947
374 854
374 844
374 494
375 656
375 415
376 1298
376 403
376 420
377 545
377 483
377 840
377 910
378 738
378 618
378 747
378 445
379 1266
379 1099
380 1122
380 466
380 1302
381 1266
381 1100
381 1101
382 1222
382 456
382 1208
383 1153
383 581
383 390
384 432
384 820
384 869
384 396
385 1201
385 1286
386 641
386 626
386 746
386 445
387 760
387 618
387 478
388 710
388 988
389 504
389 440
389 441
390 675
390 677
391 971
391 1053
392 1156
392 983
392 839
393 450
393 710
393 1178
394 692
394 1053
395 433
395 451
395 1053
396 919
396 1196
396 925
397 435
397 455
397 471
397 937
398 437
398 712
399 437
399 937
400 640
400 627
400 760
401 610
401 746
401 479
402 1122
402 429
403 886
403 783
404 1074
404 419
404 410
404 1215
405 465
405 1303
405 1099
406 1190
406 523
406 575
407 947
407 580
407 421
407 1135
408 545
408 1170
408 1256
409 545
409 422
409 423
409 1135
410 1312
410 812
411 449
411 1270
411 428
411 1020
412 898
412 819
412 821
412 414
413 897
413 899
413 1270
413 414
414 976
414 1303
415 1305
416 1186
416 546
416 735
417 533
417 473
417 478
418 532
418 567
418 439
418 479
419 533
419 479
421 596
421 676
421 444
422 597
422 711
423 643
423 596
423 469
424 1008
424 838
424 1191
425 888
425 857
425 889
425 794
426 896
427 450
427 948
428 953
428 1274
428 1197
429 1020
430 497
431 1298
431 436
431 829
432 466
432 999
432 1274
433 438
433 1062
434 467
434 665
435 456
435 750
436 781
437 750
438 1024
438 1299
438 1150
439 1267
439 516
440 1234
440 1075
440 814
441 1233
441 1235
442 1225
442 1068
442 1276
442 1277
443 1232
443 1120
443 1137
443 1090
444 1171
444 581
444 1292
445 516
445 1142
446 709
446 1159
446 1161
447 448
447 898
447 820
447 1055
448 465
448 1266
448 999
449 466
449 998
449 1031
450 1062
451 1269
451 1063
452 1185
452 754
452 650
453 1126
454 949
454 487
454 680
454 489
455 886
456 1308
457 1250
457 517
457 519
457 991
459 843
459 652
459 845
460 624
460 887
460 844
460 687
461 652
461 924
461 844
461 863
462 1260
463 1295
464 1267
464 1212
464 1118
464 1215
467 480
467 494
467 527
468 547
468 1139
469 806
469 574
469 671
470 753
470 722
470 748
471 782
472 758
473 1074
473 1234
473 548
474 1208
474 1275
475 1208
475 1243
475 1311
476 1121
476 901
476 903
477 1107
477 1109
477 902
478 1110
478 664
479 632
480 600
480 617
481 576
481 1105
481 1081
482 722
482 1070
483 603
483 699
484 614
484 700
484 701
485 699
485 604
485 605
486 549
486 1206
487 1087
488 1194
488 1195
488 1102
489 1088
489 1089
490 881
490 850
490 1283
490 970
491 592
491 731
491 751
492 1184
492 733
493 592
493 733
494 614
495 1184
495 1124
495 535
495 1016
496 774
496 523
496 540
497 665
497 603
498 978
498 867
498 565
498 858
499 1219
499 1245
500 1221
500 586
501 1221
502 576
502 1102
503 752
503 701
503 510
504 516
504 552
504 940
505 1162
505 1087
506 866
506 565
506 1001
506 986
507 880
507 978
507 1317
507 598
508 748
508 732
508 1070
509 624
509 560
509 561
509 1317
510 1318
510 1035
510 1037
511 817
511 722
512 1163
512 959
513 1161
513 570
513 1070
514 1160
514 1193
514 1052
515 1161
515 553
515 571
517 555
517 591
517 575
518 1072
518 1304
518 809
518 557
519 808
519 792
519 557
520 880
520 1283
520 1000
520 987
521 866
521 1316
521 599
521 970
522 1220
522 549
522 1242
523 903
523 1195
524 530
524 539
525 1206
525 585
526 643
526 695
526 1293
527 700
527 541
528 784
528 665
529 665
529 542
529 543
530 932
530 1177
531 548
531 569
532 534
532 939
532 941
533 534
535 1249
535 1247
536 855
536 1128
536 666
537 593
537 1283
537 598
537 653
538 599
538 652
538 687
538 559
539 599
539 1308
539 653
540 771
540 789
540 1182
541 564
541 1036
541 716
542 1285
542 717
542 1071
543 1003
543 716
543 589
544 798
544 958
545 914
546 1168
546 1099
546 1101
547 1184
547 1159
547 570
549 1171
550 617
550 1131
550 1133
550 1278
551 949
551 809
551 556
552 586
553 1223
553 558
554 1152
554 1025
554 587
554 1148
555 576
555 870
555 1194
556 1232
556 901
556 1162
557 870
557 1162
559 1286
559 636
560 934
561 1286
564 701
565 636
566 1105
566 1069
567 568
567 940
568 585
569 586
570 1248
571 1284
572 1010
572 874
572 1164
573 754
573 755
573 751
574 1040
574 609
574 607
575 807
575 1183
577 637
577 639
578 1233
578 1096
578 1212
578 1151
579 1012
579 1158
580 1047
580 984
581 1012
582 793
582 810
582 1100
583 1125
583 811
583 1134
585 1292
585 1135
586 1256
587 614
587 647
587 600
588 802
588 1176
588 667
589 694
589 1031
589 926
590 868
590 873
590 842
590 1246
591 1264
591 902
591 1195
592 1130
592 878
593 668
594 833
594 764
595 800
596 1236
597 1268
598 1024
599 992
600 960
600 977
601 721
601 696
602 1111
602 842
602 1082
603 963
603 1059
604 1060
604 1061
604 974
605 1059
605 964
605 965
606 1206
606 1245
606 669
607 727
607 745
608 729
609 729
611 851
611 1091
611 871
611 712
612 1298
612 1108
612 853
613 1092
613 1093
613 853
613 712
614 974
615 655
616 818
616 643
616 660
616 894
617 1025
617 963
618 685
619 786
619 1219
620 706
620 822
620 1242
621 786
621 1220
621 1221
622 742
622 696
622 728
623 1061
623 630
623 872
623 1273
624 672
624 636
625 721
625 806
626 685
627 718
628 868
628 1108
628 852
629 680
629 984
629 681
631 1091
631 1173
631 937
631 842
632 1276
632 1103
633 690
633 1298
634 1173
635 673
635 691
635 1173
636 1316
637 675
637 711
637 695
638 929
638 677
639 928
639 912
639 677
641 719
642 1242
642 669
644 659
644 650
644 1194
644 735
645 705
645 1219
645 823
646 1003
646 1310
646 1055
647 1060
647 661
647 1255
648 1025
648 776
648 904
648 1290
649 1025
649 662
649 663
649 1255
650 832
651 689
651 1140
651 790
651 668
652 654
653 790
653 654
654 823
654 1096
655 825
656 1026
656 1306
657 1013
657 713
657 718
658 1012
658 679
658 1047
658 719
659 1013
659 719
660 891
660 909
661 1076
661 684
662 1077
663 1076
663 709
664 918
664 1128
664 1311
667 690
668 1317
668 794
669 1140
670 977
671 929
671 818
671 676
672 706
672 794
672 1119
673 678
673 1182
674 707
675 696
678 819
678 1270
678 1144
679 787
679 996
680 754
680 1195
681 753
681 755
682 1188
682 745
682 796
682 797
683 752
683 1240
683 1257
683 1210
684 1061
684 1291
684 812
685 996
685 1262
686 1281
686 1279
687 688
687 1175
688 705
688 786
688 1119
689 706
689 1118
689 1151
690 1182
691 789
691 1183
692 1305
693 871
693 874
693 875
693 1246
694 967
694 969
695 927
696 828
697 770
697 997
697 1111
697 999
702 913
702 930
702 780
703 931
703 815
704 787
704 1238
704 732
704 735
707 960
707 974
707 1007
708 1027
708 922
708 1259
709 1054
713 754
713 1028
713 1194
714 884
714 728
714 953
714 795
715 920
715 728
715 763
715 831
716 1241
717 1227
717 1229
718 1230
720 840
720 857
721 816
721 1081
723 843
723 939
724 854
724 940
724 941
725 939
725 844
725 845
726 789
726 966
726 1005
727 1105
727 1087
728 1089
729 1089
730 1241
730 1210
731 832
732 1058
733 832
734 854
735 775
736 1178
736 763
736 780
737 905
737 843
738 1218
738 805
738 1227
739 979
739 1146
740 1002
740 826
740 1182
741 980
741 981
741 1146
742 816
742 1088
742 1102
743 1033
743 941
743 750
744 1300
744 756
744 792
745 1081
745 1166
746 805
746 1226
747 838
747 1240
749 800
749 864
749 801
752 1319
752 1036
753 1058
753 810
755 793
755 811
756 1076
757 795
757 831
757 815
758 797
759 797
760 1240
761 839
761 1226
762 789
762 1002
763 1263
764 770
764 1095
764 779
765 979
765 825
765 1183
766 883
766 935
766 1070
767 1015
767 940
767 781
768 1136
768 905
768 1050
769 1015
769 905
769 782
769 783
770 1192
770 1292
771 788
771 809
771 1150
772 1299
772 1301
772 774
773 774
773 1150
774 1183
775 1185
776 1066
776 906
776 1215
777 833
777 838
777 893
778 839
778 892
778 799
778 927
779 839
779 893
781 804
781 956
782 957
783 956
783 829
784 1318
784 1071
785 1274
787 810
788 1154
788 1077
790 857
791 1178
791 796
791 1309
792 1154
792 826
793 798
794 827
795 816
795 1230
796 1261
797 1230
798 1030
798 1179
799 1147
799 876
800 1114
800 1294
801 1113
801 1115
802 1105
802 1156
802 1157
803 1112
803 1000
803 1017
803 970
804 1172
804 1051
804 941
805 876
805 1022
806 1041
806 1039
807 1300
807 808
808 825
808 1146
809 826
811 1149
812 1234
812 1065
813 1006
814 849
814 847
816 1188
817 1130
817 877
817 879
822 1140
823 1175
824 1092
824 998
824 1095
824 1147
827 854
827 887
827 840
828 1019
828 907
829 1286
829 934
830 1233
830 1202
830 1228
831 1262
832 1238
833 1114
833 908
834 1088
834 1155
835 1088
835 1123
835 1191
836 1001
837 987
837 989
838 990
841 961
841 936
841 985
842 1202
846 909
846 1086
847 967
848 1074
848 1075
848 982
849 968
849 969
850 1163
851 952
851 1211
851 1231
852 1064
852 1213
853 952
853 1213
855 1064
855 1004
855 895
856 883
856 900
856 1254
858 925
859 1125
859 1099
860 946
860 1101
861 1101
862 982
862 936
863 1232
863 870
864 912
864 876
865 1042
865 967
866 925
867 1197
867 958
868 1212
868 1228
869 920
869 921
869 1197
870 1198
871 1297
871 1202
872 1043
873 1041
873 930
874 1040
874 1073
875 1041
875 913
875 931
877 915
877 951
877 935
878 1184
878 917
878 1289
879 917
879 1272
879 1288
880 1163
881 1196
881 959
882 1122
882 1100
882 909
883 1075
884 899
884 890
885 945
885 1086
886 1173
887 901
888 1264
889 902
889 903
890 1057
891 929
891 908
892 894
893 894
895 1127
895 1129
896 1008
897 953
897 1163
897 958
898 919
898 959
899 1188
899 959
900 1251
900 1269
900 1062
901 924
902 1165
903 949
904 1278
906 979
906 981
906 1048
907 930
907 1064
907 1039
909 1051
910 1011
910 1013
910 1158
911 916
911 1289
912 946
913 918
913 1103
914 947
914 1028
914 1032
915 1074
915 936
916 1042
916 1112
917 1042
919 1166
921 1166
926 985
927 928
928 945
929 946
930 1128
931 1164
932 1044
933 1234
933 1235
933 1231
935 1063
935 1287
938 976
938 1092
938 1031
938 1113
939 1038
942 980
942 1273
942 1290
943 1014
943 1291
943 1005
945 1172
945 1015
946 1136
948 1056
948 1282
950 1126
951 1075
951 1144
952 1010
954 1313
954 1244
955 1280
956 1116
957 1148
961 1056
961 1201
961 1225
962 1190
966 1029
967 1207
968 1314
968 1315
968 1222
969 1208
969 1209
970 1090
971 1072
972 1304
973 1072
975 1136
975 1015
975 1304
975 1244
976 1003
976 1020
978 1045
978 1098
980 1066
982 1056
982 1222
983 990
984 996
984 1032
985 1282
985 1207
986 1121
986 1106
986 1045
987 1078
987 1098
988 1190
989 1040
989 1041
990 1155
990 1157
992 1283
993 1281
993 1190
993 1050
994 1280
994 1313
994 1172
995 1281
995 1033
995 1051
997 1035
997 1071
997 1055
998 1192
998 1037
999 1037
1000 1120
1000 1107
1001 1090
1001 1079
1002 1029
1003 1315
1004 1010
1004 1019
1005 1065
1007 1021
1009 1022
1009 1023
1010 1297
1011 1028
1011 1049
1012 1014
1013 1014
1016 1248
1017 1073
1017 1078
1018 1079
1018 1039
1019 1079
1020 1302
1021 1156
1021 1044
1022 1191
1023 1123
1023 1069
1026 1219
1026 1221
1026 1288
1027 1304
1027 1050
1027 1279
1029 1291
1030 1251
1030 1253
1031 1036
1032 1066
1033 1038
1034 1268
1034 1272
1034 1145
1034 1067
1035 1056
1035 1314
1036 1282
1037 1282
1046 1189
1046 1225
1047 1048
1048 1065
1049 1066
1052 1284
1052 1130
1054 1160
1055 1303
1058 1216
1058 1271
1059 1132
1059 1278
1060 1104
1060 1167
1061 1132
1062 1220
1063 1254
1063 1245
1065 1255
1068 1296
1069 1151
1071 1315
1072 1250
1078 1144
1079 1112
1081 1176
1082 1310
1086 1149
1090 1210
1091 1192
1093 1192
1095 1256
1095 1135
1096 1123
1096 1140
1098 1218
1098 1165
1100 1186
1102 1176
1103 1110
1104 1152
1104 1116
1106 1241
1106 1226
1106 1165
1107 1218
1107 1198
1108 1310
1109 1160
1109 1161
1110 1275
1110 1277
1113 1170
1113 1310
1114 1292
1115 1153
1115 1171
1117 1155
1117 1191
1117 1175
1118 1312
1118 1157
1119 1157
1120 1240
1120 1227
1121 1210
1121 1199
1122 1149
1124 1139
1124 1130
1125 1185
1127 1141
1129 1142
1129 1143
1131 1169
1131 1148
1132 1134
1133 1134
1137 1193
1137 1198
1138 1159
1138 1199
1139 1199
1141 1276
1141 1164
1142 1311
1143 1189
1143 1243
1147 1170
1151 1156
1152 1186
1153 1158
1154 1265
1154 1187
1155 1176
1166 1309
1167 1168
1168 1185
1169 1186
1172 1250
1174 1280
1179 1252
1180 1287
1180 1224
1181 1252
1189 1271
1198 1264
1199 1232
1201 1296
1206 1269
1211 1312
1213 1312
1215 1255
1216 1243
1216 1260
1218 1285
1220 1306
1222 1296
1223 1230
1224 1236
1224 1272
1226 1285
1227 1318
1229 1280
1229 1281
1233 1290
1235 1273
1235 1291
1237 1275
1237 1311
1237 1295
1238 1277
1239 1277
1241 1319
1242 1269
1244 1250
1244 1259
1245 1305
1247 1261
1249 1262
1249 1263
1251 1268
1251 1289
1252 1254
1253 1254
1257 1313
1257 1318
1258 1319
1258 1279
1259 1319
1261 1284
1263 1309
1267 1290
1271 1276
1272 1306
1273 1278
1274 1307
1275 1296
1287 1288
1288 1305
1289 1306
